500 2000 5 6
35 49 85 119 398
2 1
3 2
4 1
5 4
6 3
7 4
8 3
9 1
10 6
11 9
12 10
13 12
14 6
15 8
16 4
17 5
18 4
19 15
20 4
21 1
22 8
23 2
24 11
25 19
26 15
27 13
28 10
29 26
30 6
31 14
32 13
33 13
34 32
35 28
36 1
37 8
38 10
39 22
40 29
41 32
42 9
43 9
44 28
45 14
46 15
47 34
48 4
49 16
50 7
51 22
52 49
53 45
54 14
55 16
56 41
57 19
58 33
59 5
60 59
61 25
62 49
63 41
64 4
65 49
66 44
67 37
68 41
69 50
70 63
71 13
72 44
73 27
74 66
75 21
76 48
77 76
78 65
79 14
80 35
81 1
82 41
83 8
84 38
85 4
86 19
87 60
88 33
89 50
90 16
91 67
92 30
93 65
94 3
95 73
96 46
97 15
98 14
99 59
100 35
101 75
102 56
103 39
104 49
105 96
106 31
107 104
108 92
109 99
110 8
111 57
112 26
113 62
114 35
115 9
116 31
117 73
118 75
119 104
120 57
121 96
122 24
123 95
124 99
125 57
126 95
127 60
128 95
129 47
130 78
131 70
132 121
133 94
134 19
135 54
136 52
137 57
138 10
139 62
140 58
141 30
142 32
143 114
144 10
145 17
146 52
147 81
148 34
149 8
150 14
151 124
152 115
153 142
154 80
155 74
156 120
157 133
158 149
159 46
160 105
161 24
162 113
163 111
164 22
165 80
166 106
167 44
168 149
169 166
170 163
171 9
172 84
173 65
174 60
175 142
176 158
177 34
178 146
179 121
180 85
181 34
182 47
183 139
184 45
185 138
186 98
187 182
188 84
189 45
190 32
191 54
192 155
193 145
194 184
195 68
196 122
197 187
198 80
199 27
200 46
201 197
202 15
203 92
204 62
205 33
206 167
207 107
208 173
209 151
210 115
211 11
212 106
213 62
214 197
215 151
216 100
217 23
218 216
219 165
220 104
221 182
222 120
223 142
224 188
225 165
226 116
227 37
228 194
229 57
230 199
231 134
232 231
233 128
234 16
235 87
236 127
237 101
238 95
239 163
240 210
241 122
242 124
243 211
244 221
245 204
246 96
247 166
248 119
249 114
250 124
251 196
252 84
253 171
254 57
255 190
256 201
257 217
258 193
259 256
260 177
261 130
262 257
263 208
264 108
265 38
266 114
267 80
268 224
269 89
270 45
271 253
272 18
273 211
274 19
275 50
276 194
277 80
278 260
279 149
280 4
281 149
282 235
283 212
284 228
285 176
286 216
287 9
288 219
289 183
290 116
291 102
292 145
293 20
294 251
295 269
296 64
297 168
298 100
299 283
300 58
301 189
302 6
303 101
304 30
305 152
306 106
307 127
308 301
309 19
310 34
311 50
312 156
313 271
314 230
315 139
316 70
317 62
318 107
319 7
320 86
321 263
322 224
323 74
324 207
325 273
326 54
327 295
328 215
329 21
330 202
331 329
332 104
333 50
334 187
335 321
336 270
337 83
338 325
339 210
340 86
341 168
342 30
343 73
344 21
345 97
346 111
347 241
348 114
349 312
350 152
351 149
352 24
353 15
354 230
355 234
356 329
357 249
358 173
359 43
360 160
361 85
362 320
363 108
364 139
365 7
366 161
367 346
368 104
369 11
370 58
371 351
372 188
373 216
374 14
375 349
376 350
377 282
378 124
379 133
380 378
381 150
382 154
383 239
384 356
385 281
386 233
387 66
388 26
389 54
390 155
391 295
392 112
393 64
394 159
395 114
396 174
397 9
398 313
399 90
400 127
401 201
402 129
403 322
404 24
405 341
406 168
407 344
408 295
409 34
410 406
411 401
412 406
413 385
414 85
415 55
416 163
417 396
418 299
419 248
420 252
421 78
422 113
423 123
424 97
425 71
426 131
427 235
428 125
429 370
430 56
431 161
432 236
433 212
434 208
435 135
436 147
437 309
438 99
439 345
440 159
441 33
442 210
443 347
444 194
445 11
446 294
447 384
448 205
449 17
450 328
451 225
452 130
453 136
454 294
455 304
456 419
457 177
458 238
459 435
460 99
461 164
462 200
463 124
464 259
465 436
466 101
467 419
468 177
469 104
470 340
471 322
472 453
473 456
474 169
475 435
476 213
477 395
478 400
479 56
480 307
481 111
482 181
483 41
484 221
485 449
486 191
487 78
488 111
489 318
490 178
491 265
492 27
493 303
494 488
495 490
496 175
497 273
498 249
499 379
500 408
243 486
300 426
312 147
412 66
467 402
221 448
104 90
443 307
446 372
238 74
208 243
241 72
18 51
440 156
227 243
197 491
264 315
125 294
305 58
254 406
234 303
350 493
85 94
493 63
194 493
492 101
123 115
358 496
78 441
159 229
163 348
163 144
354 206
108 118
349 324
7 68
406 351
45 176
83 410
440 154
121 368
31 144
238 342
143 454
234 419
487 288
473 481
170 180
111 403
282 387
332 205
173 475
401 284
360 254
290 423
22 65
394 345
94 383
471 124
222 216
131 12
67 362
228 48
467 47
274 198
355 471
474 305
273 479
88 420
27 294
462 289
497 243
432 231
323 43
112 360
250 484
91 101
416 23
367 223
58 390
138 74
174 216
327 392
126 129
52 432
383 141
456 168
113 296
301 116
306 124
208 491
437 118
459 454
493 421
164 347
238 48
377 64
496 314
240 238
33 364
91 380
208 217
226 151
179 29
352 278
468 8
479 425
484 440
492 155
363 254
454 300
292 289
182 124
216 268
231 422
361 88
187 480
385 492
257 140
26 137
81 314
409 53
137 38
382 436
161 212
498 261
209 234
99 5
425 26
139 358
313 421
460 134
70 228
475 14
170 233
244 280
235 207
136 230
334 13
380 250
189 217
45 495
429 233
224 357
194 198
476 176
403 19
242 261
422 311
177 337
415 303
210 46
280 295
29 20
214 200
249 488
214 417
24 87
482 384
327 128
293 152
276 395
479 468
376 389
370 270
368 367
278 421
62 184
91 301
146 481
57 485
322 188
123 109
96 177
68 316
287 263
242 55
335 229
87 256
286 403
258 229
259 16
105 201
460 405
296 68
180 488
475 493
418 277
216 281
365 485
219 357
44 205
9 428
248 405
138 410
455 309
146 200
7 310
114 453
88 46
240 25
202 454
412 84
114 148
45 237
270 44
299 71
63 22
10 143
91 28
107 123
124 118
42 83
176 55
352 30
421 174
445 256
222 341
145 121
314 120
110 436
196 429
273 293
296 478
181 192
278 448
72 127
288 459
206 361
201 62
163 485
191 17
420 428
124 420
280 438
141 173
359 156
166 260
167 329
254 34
103 186
162 360
440 158
236 162
310 408
158 28
27 371
423 499
389 331
433 275
258 137
47 251
492 95
77 238
147 217
206 273
106 395
206 469
451 420
280 18
242 446
69 156
220 251
129 169
257 175
349 303
388 23
206 423
353 270
269 338
135 38
444 279
203 133
79 94
177 120
255 176
142 320
55 462
154 419
112 74
178 453
443 175
272 440
348 256
74 121
185 384
193 72
282 29
159 141
292 295
290 436
253 50
330 261
151 274
269 409
469 422
222 349
196 143
384 468
461 175
431 135
214 441
211 103
63 426
148 243
27 480
294 46
427 146
75 355
295 465
373 487
51 46
207 363
263 236
259 118
290 102
185 226
79 456
147 382
417 338
332 150
109 102
26 403
149 236
127 304
67 218
374 426
235 45
403 382
369 97
32 480
406 355
346 424
216 349
324 434
233 258
354 428
269 424
152 427
118 214
187 397
224 30
476 1
152 143
25 416
253 342
405 340
370 410
72 310
435 157
129 287
154 141
37 259
379 487
173 5
23 174
440 346
126 439
252 458
495 493
41 323
188 203
177 223
230 473
269 156
182 191
52 437
117 139
423 216
221 177
457 334
344 368
248 447
76 32
336 43
212 209
62 120
426 457
16 389
397 378
295 318
313 343
144 116
349 29
267 187
212 392
401 7
84 278
229 116
215 470
234 9
274 70
490 371
90 155
118 137
468 189
220 39
325 13
57 60
299 85
41 484
183 108
303 458
235 246
142 156
394 195
476 76
409 9
368 331
445 430
279 469
98 360
334 380
122 450
275 240
10 210
165 270
100 379
493 55
350 112
267 456
106 493
268 200
407 160
224 342
394 457
431 119
4 45
372 325
15 445
114 401
247 265
43 63
71 3
166 172
273 338
331 24
178 431
304 377
41 118
70 326
286 492
34 364
85 323
18 210
188 103
259 219
66 8
259 229
113 392
117 415
299 354
12 24
419 346
186 302
382 104
367 132
304 299
416 412
106 435
476 223
3 35
188 178
278 158
113 61
418 232
172 398
321 15
201 204
77 176
20 300
253 460
77 491
470 242
319 352
326 172
190 469
482 462
256 363
390 399
13 25
290 235
486 106
231 177
205 167
71 52
389 94
140 455
418 108
231 170
436 252
389 409
321 258
359 200
88 274
371 46
495 243
163 301
251 463
313 99
433 251
140 400
79 241
366 159
121 192
375 181
86 12
417 172
182 491
472 136
120 500
371 188
179 277
84 11
208 370
392 52
155 336
427 310
380 158
71 116
468 451
110 374
272 352
193 117
407 89
38 372
151 347
498 350
262 395
164 301
98 149
208 167
398 333
83 412
62 257
478 113
213 345
249 164
10 60
46 416
442 484
490 498
59 136
180 244
68 191
147 169
391 415
445 389
487 159
89 298
347 106
452 286
178 70
163 360
425 44
248 286
25 308
52 340
138 75
448 394
449 462
302 38
240 334
158 240
112 234
144 450
401 53
228 316
282 289
17 232
427 63
406 22
266 464
203 310
466 259
278 369
357 8
385 260
14 492
43 22
30 410
277 50
378 138
219 158
44 440
195 250
377 498
73 196
104 361
447 354
1 102
251 48
380 133
479 116
295 366
473 347
97 115
235 242
109 484
208 116
50 193
140 274
84 117
404 460
43 108
349 10
486 206
391 123
367 376
121 81
117 212
192 370
95 24
446 336
424 271
215 189
320 358
302 40
268 11
419 351
193 313
309 456
93 331
32 247
174 59
262 14
119 327
263 91
421 398
384 290
199 14
55 108
229 256
41 239
101 88
203 206
91 424
378 196
394 219
460 292
491 347
160 268
233 326
300 487
173 98
272 281
418 61
112 344
488 306
318 244
165 259
373 234
12 50
238 148
32 28
252 472
257 429
211 172
97 322
344 148
8 96
60 88
252 434
244 496
278 488
439 74
173 400
434 259
285 333
244 484
459 439
356 354
415 234
416 288
405 383
227 128
33 7
82 228
69 381
186 214
301 350
125 290
157 186
420 247
181 410
368 481
320 280
496 110
13 111
409 26
275 120
338 371
376 408
303 72
213 27
29 229
124 380
444 308
150 481
271 107
202 70
279 362
493 45
111 304
383 110
386 383
364 249
381 495
58 37
128 196
347 398
299 114
139 429
284 349
185 406
265 183
17 468
257 228
270 113
181 445
98 113
286 450
279 295
305 84
92 81
359 19
44 40
58 243
327 460
255 358
379 409
270 241
261 414
383 294
140 464
251 53
257 115
354 446
83 4
190 111
21 478
12 330
14 403
117 349
263 58
360 347
100 306
333 394
100 128
49 211
54 469
493 466
472 42
304 391
265 32
225 131
136 80
28 231
402 163
408 94
112 153
225 89
381 487
19 336
261 83
494 183
55 347
63 174
192 368
411 344
105 464
315 54
405 245
448 27
186 425
43 263
446 223
312 396
17 500
338 188
381 329
58 417
248 50
65 290
345 340
319 103
174 311
382 174
365 415
410 330
62 452
386 260
244 324
179 316
54 319
56 190
3 465
145 126
457 459
88 277
195 287
236 198
33 281
264 372
264 110
84 184
18 473
482 376
358 54
452 365
100 118
115 130
312 360
259 455
333 381
398 453
449 347
238 166
69 243
243 451
257 356
41 136
101 106
89 489
282 59
353 330
288 229
177 256
364 236
237 122
17 285
248 20
419 206
198 11
123 28
357 265
337 495
416 240
79 437
452 129
449 62
440 469
470 178
349 95
158 320
245 279
440 333
107 71
362 324
86 277
321 88
440 447
143 50
13 478
228 145
402 332
100 308
325 155
222 137
67 456
52 84
291 351
121 14
138 276
475 171
479 356
334 281
409 442
57 359
487 131
91 41
87 180
321 308
290 311
106 380
334 497
491 195
317 127
192 413
50 378
270 246
386 167
46 92
192 454
22 158
376 34
399 441
396 230
423 4
92 191
256 285
184 106
260 277
487 107
130 184
169 451
54 69
52 121
182 106
270 481
45 215
455 52
290 419
290 98
180 34
108 127
140 259
88 194
329 169
269 362
92 1
10 271
16 499
200 320
375 227
365 362
417 128
46 239
209 457
174 96
329 276
118 304
207 245
394 384
84 372
298 482
459 201
255 87
250 64
478 27
203 271
405 195
178 450
160 174
391 207
304 14
422 366
493 127
15 349
491 217
339 454
220 69
250 432
316 163
446 47
268 497
244 214
212 227
34 21
131 370
357 375
429 270
104 414
245 317
300 66
219 95
174 4
131 139
214 427
34 215
16 79
232 398
84 435
335 1
282 140
448 460
15 498
232 240
155 236
361 114
435 374
17 306
478 74
246 155
466 426
101 360
231 344
348 416
258 184
306 151
340 404
57 18
167 346
322 452
21 383
18 71
208 191
315 413
344 284
495 140
91 444
33 222
294 104
256 408
438 445
254 206
50 96
244 121
107 46
312 70
104 63
141 396
303 185
99 393
371 254
494 397
59 270
45 268
247 486
362 197
226 107
164 415
276 279
167 95
301 137
375 153
434 404
231 491
342 126
236 372
219 9
395 130
330 129
315 191
96 19
435 308
166 269
62 158
348 459
343 432
34 426
496 33
335 188
241 424
313 475
430 249
416 192
349 38
138 166
69 350
363 127
20 388
239 487
277 107
136 336
205 225
416 37
299 189
327 206
415 422
420 115
401 469
286 489
337 141
205 413
168 345
370 274
24 13
103 401
277 247
454 42
245 297
45 178
121 146
30 291
484 445
48 212
167 286
21 282
58 460
233 22
83 89
36 123
76 456
171 38
205 69
373 212
174 328
195 409
134 203
164 475
241 309
99 120
231 3
377 460
41 442
340 264
491 73
112 379
327 416
304 11
346 217
332 24
32 230
360 177
221 8
281 330
1 331
122 12
443 450
33 427
125 229
447 333
452 179
490 254
272 357
159 272
337 352
349 76
15 51
103 253
266 127
301 218
454 216
232 390
441 346
111 220
439 195
141 449
203 429
497 292
137 157
173 464
259 309
406 134
315 220
211 175
333 412
272 106
305 144
101 453
356 278
339 284
280 27
173 314
417 309
339 248
369 190
164 304
266 11
86 62
134 221
82 53
264 195
267 328
409 96
58 430
309 347
72 279
127 441
53 363
406 201
33 301
390 11
243 305
162 77
219 22
327 449
391 479
241 225
198 375
177 491
73 450
482 193
155 25
176 272
158 381
118 219
118 292
407 367
430 101
47 364
429 261
198 219
259 394
478 290
464 203
273 102
252 344
197 388
491 39
375 282
46 123
333 21
391 488
235 91
154 99
353 197
133 28
231 162
409 477
17 109
257 160
272 321
307 328
265 43
241 496
48 241
413 497
395 461
404 353
480 403
483 19
380 438
3 229
198 299
11 256
40 212
63 291
468 428
431 395
169 472
124 37
39 150
327 151
248 399
304 12
193 339
392 394
261 151
2 203
248 2
66 36
254 289
83 67
172 19
383 347
191 489
313 192
373 57
30 46
169 433
423 284
338 126
266 31
154 406
350 443
279 31
292 432
234 341
120 389
340 381
369 35
442 451
307 191
92 129
445 453
264 197
190 149
131 42
360 87
160 5
25 143
176 497
277 140
390 68
424 352
412 120
498 384
170 378
131 458
117 424
58 224
10 225
21 283
272 285
339 224
329 190
468 134
481 400
229 441
343 212
276 190
488 332
297 76
157 384
106 220
412 391
355 291
374 372
275 188
248 279
18 400
469 292
306 461
55 170
410 153
341 472
499 394
457 138
144 57
62 270
124 148
108 236
157 204
31 475
379 35
350 276
213 482
140 212
299 454
308 197
21 56
121 429
295 435
368 31
197 109
438 230
361 492
36 107
182 250
288 117
3 363
300 35
449 339
194 182
106 484
224 435
291 460
189 379
82 290
192 81
111 101
103 300
472 49
267 286
175 282
441 444
177 318
360 379
395 107
58 449
319 37
372 336
361 101
298 24
443 179
301 24
495 327
327 99
450 426
168 91
208 151
431 450
298 124
281 27
403 11
71 79
440 112
222 320
430 144
110 190
364 294
168 404
248 282
56 405
230 275
209 311
304 102
448 20
177 279
255 8
384 274
95 218
302 14
239 275
419 180
347 318
206 212
363 196
295 151
260 76
389 329
189 202
83 305
170 158
260 133
465 86
43 280
169 475
456 97
24 396
75 229
335 207
272 284
23 418
84 16
86 325
411 327
472 328
119 130
183 220
171 273
269 225
339 73
281 238
275 44
135 240
460 272
470 138
385 52
318 384
130 56
419 89
326 185
345 372
61 181
407 404
282 428
489 162
171 51
222 307
490 119
359 320
248 48
154 483
15 87
262 496
472 452
409 15
11 40
116 220
323 138
104 236
24 169
1 214
131 431
31 257
298 309
445 424
278 338
315 479
435 215
408 123
323 14
227 130
145 361
241 308
73 100
275 154
174 326
145 334
154 263
328 98
28 440
314 213
474 35
51 455
382 101
146 27
470 341
398 231
103 339
230 256
266 293
488 132
28 253
485 456
308 179
175 213
263 272
15 415
253 480
134 410
182 209
73 29
120 319
252 431
496 441
277 233
141 14
180 251
79 468
17 367
166 251
216 193
416 120
312 165
120 487
320 327
156 137
490 420
54 106
76 71
118 170
335 111
315 22
430 432
175 478
344 60
492 60
178 187
417 355
455 17
148 178
20 427
193 131
221 404
422 75
353 126
464 138
