800
-119989227 239994330 119989227 239994330
-119991792 -239995680 119991792 -239995680
-119998404 -239999160 119998404 -239999160
-119999316 239999640 119999316 239999640
-239999460 -119998974 -239999460 119998974
-119993958 -239996820 119993958 -239996820
-119990994 239995260 119990994 239995260
239994210 -119988999 239994210 119988999
-119992761 -239996190 119992761 -239996190
239994270 -119989113 239994270 119989113
-119991678 239995620 119991678 239995620
-119996808 239998320 119996808 239998320
-119993274 239996460 119993274 239996460
-119996637 -239998230 119996637 -239998230
-239999580 -119999202 -239999580 119999202
-119996124 -239997960 119996124 -239997960
-119990139 -239994810 119990139 -239994810
-239995860 -119992134 -239995860 119992134
239998140 -119996466 239998140 119996466
-119990424 239994960 119990424 239994960
-119993388 -239996520 119993388 -239996520
-239999490 -119999031 -239999490 119999031
-119991393 239995470 119991393 239995470
239995440 -119991336 239995440 119991336
-119991906 239995740 119991906 239995740
-119994927 239997330 119994927 239997330
-239994000 -119988600 -239994000 119988600
-119992818 239996220 119992818 239996220
-119999943 -239999970 119999943 -239999970
-119997207 239998530 119997207 239998530
-119993388 239996520 119993388 239996520
239996490 -119993331 239996490 119993331
239994030 -119988657 239994030 119988657
-119995668 -239997720 119995668 -239997720
-119992932 -239996280 119992932 -239996280
239999940 -119999886 239999940 119999886
-119992704 239996160 119992704 239996160
-119994756 239997240 119994756 239997240
-239995230 -119990937 -239995230 119990937
-119991849 -239995710 119991849 -239995710
239997240 -119994756 239997240 119994756
-119998176 -239999040 119998176 -239999040
-239995410 -119991279 -239995410 119991279
-239996310 -119992989 -239996310 119992989
-239999700 -119999430 -239999700 119999430
-239996550 -119993445 -239996550 119993445
-119989455 -239994450 119989455 -239994450
239994480 -119989512 239994480 119989512
-119992134 -239995860 119992134 -239995860
-239997660 -119995554 -239997660 119995554
239998830 -119997777 239998830 119997777
-119993673 239996670 119993673 239996670
-119988657 -239994030 119988657 -239994030
239997180 -119994642 239997180 119994642
-119992305 239995950 119992305 239995950
-119993844 -239996760 119993844 -239996760
-119989911 -239994690 119989911 -239994690
-119993160 239996400 119993160 239996400
239994150 -119988885 239994150 119988885
-119990652 239995080 119990652 239995080
-119990139 239994810 119990139 239994810
-239994900 -119990310 -239994900 119990310
-119993502 239996580 119993502 239996580
-119991336 -239995440 119991336 -239995440
-119990766 239995140 119990766 239995140
-119990196 239994840 119990196 239994840
-119993559 239996610 119993559 239996610
-239998170 -119996523 -239998170 119996523
-119994414 239997060 119994414 239997060
-239998290 -119996751 -239998290 119996751
-119993616 239996640 119993616 239996640
-239997750 -119995725 -239997750 119995725
239994690 -119989911 239994690 119989911
-119988771 -239994090 119988771 -239994090
-119997378 -239998620 119997378 -239998620
-239995920 -119992248 -239995920 119992248
-239994240 -119989056 -239994240 119989056
-119992134 239995860 119992134 239995860
-119990253 239994870 119990253 239994870
239997150 -119994585 239997150 119994585
-239994570 -119989683 -239994570 119989683
-119991564 239995560 119991564 239995560
239994000 -119988600 239994000 119988600
239998980 -119998062 239998980 119998062
239997000 -119994300 239997000 119994300
-119993217 239996430 119993217 239996430
-119997435 -239998650 119997435 -239998650
-119998689 239999310 119998689 239999310
239997660 -119995554 239997660 119995554
-119994984 239997360 119994984 239997360
-119989797 239994630 119989797 239994630
-119990082 239994780 119990082 239994780
-239995290 -119991051 -239995290 119991051
-119990082 -239994780 119990082 -239994780
-119997264 239998560 119997264 239998560
-119998119 -239999010 119998119 -239999010
-239995710 -119991849 -239995710 119991849
-119989227 -239994330 119989227 -239994330
-119994813 239997270 119994813 239997270
239995020 -119990538 239995020 119990538
-239994810 -119990139 -239994810 119990139
-119998176 239999040 119998176 239999040
-119992476 239996040 119992476 239996040
-119998974 239999460 119998974 239999460
-239994210 -119988999 -239994210 119988999
-119988885 -239994150 119988885 -239994150
-119991336 239995440 119991336 239995440
239999850 -119999715 239999850 119999715
-119996010 -239997900 119996010 -239997900
239994660 -119989854 239994660 119989854
239995200 -119990880 239995200 119990880
-239997810 -119995839 -239997810 119995839
239999970 -119999943 239999970 119999943
-119991279 -239995410 119991279 -239995410
-119990766 -239995140 119990766 -239995140
-239997180 -119994642 -239997180 119994642
239995860 -119992134 239995860 119992134
-239997540 -119995326 -239997540 119995326
239998770 -119997663 239998770 119997663
-119990709 -239995110 119990709 -239995110
239997480 -119995212 239997480 119995212
239995980 -119992362 239995980 119992362
-119993103 239996370 119993103 239996370
-119995155 -239997450 119995155 -239997450
-239996790 -119993901 -239996790 119993901
-119996238 239998020 119996238 239998020
-119996466 -239998140 119996466 -239998140
239997120 -119994528 239997120 119994528
239996310 -119992989 239996310 119992989
239997780 -119995782 239997780 119995782
-239995800 -119992020 -239995800 119992020
-119991963 239995770 119991963 239995770
-239997450 -119995155 -239997450 119995155
-119992191 239995890 119992191 239995890
-119999259 -239999610 119999259 -239999610
239996940 -119994186 239996940 119994186
-119997492 239998680 119997492 239998680
-239999910 -119999829 -239999910 119999829
239997960 -119996124 239997960 119996124
239999880 -119999772 239999880 119999772
-119991735 239995650 119991735 239995650
-119997948 -239998920 119997948 -239998920
-119999943 239999970 119999943 239999970
-119992248 -239995920 119992248 -239995920
-119997720 239998800 119997720 239998800
-119992419 -239996010 119992419 -239996010
-119989683 -239994570 119989683 -239994570
-239999970 -119999943 -239999970 119999943
-119995098 239997420 119995098 239997420
-119999544 -239999760 119999544 -239999760
-119988999 239994210 119988999 239994210
-119992077 -239995830 119992077 -239995830
239996520 -119993388 239996520 119993388
-119994300 -239997000 119994300 -239997000
-119998347 239999130 119998347 239999130
-119989398 -239994420 119989398 -239994420
239996460 -119993274 239996460 119993274
239996970 -119994243 239996970 119994243
239995080 -119990652 239995080 119990652
239999550 -119999145 239999550 119999145
-239997150 -119994585 -239997150 119994585
239996430 -119993217 239996430 119993217
-239995740 -119991906 -239995740 119991906
-239995140 -119990766 -239995140 119990766
-119993331 239996490 119993331 239996490
-119990937 -239995230 119990937 -239995230
-119997720 -239998800 119997720 -239998800
239996610 -119993559 239996610 119993559
239999310 -119998689 239999310 119998689
239994420 -119989398 239994420 119989398
-119993901 -239996790 119993901 -239996790
239998380 -119996922 239998380 119996922
-119998917 239999430 119998917 239999430
239997690 -119995611 239997690 119995611
-239994120 -119988828 -239994120 119988828
-239996940 -119994186 -239996940 119994186
-119998632 -239999280 119998632 -239999280
239996640 -119993616 239996640 119993616
239997300 -119994870 239997300 119994870
239998230 -119996637 239998230 119996637
-239996280 -119992932 -239996280 119992932
239995560 -119991564 239995560 119991564
-119999601 -239999790 119999601 -239999790
-239999040 -119998176 -239999040 119998176
-119997777 239998830 119997777 239998830
-239998620 -119997378 -239998620 119997378
-119999772 239999880 119999772 239999880
-119996409 -239998110 119996409 -239998110
-119991963 -239995770 119991963 -239995770
-119997834 -239998860 119997834 -239998860
-119990424 -239994960 119990424 -239994960
-119989683 239994570 119989683 239994570
239999340 -119998746 239999340 119998746
239994300 -119989170 239994300 119989170
-119988714 239994060 119988714 239994060
-239995110 -119990709 -239995110 119990709
-119994528 239997120 119994528 239997120
239999910 -119999829 239999910 119999829
-119990025 239994750 119990025 239994750
239995320 -119991108 239995320 119991108
-239997270 -119994813 -239997270 119994813
-119996979 239998410 119996979 239998410
-119989854 239994660 119989854 239994660
239999430 -119998917 239999430 119998917
-239995980 -119992362 -239995980 119992362
-119990595 -239995050 119990595 -239995050
-119993901 239996790 119993901 239996790
-239999850 -119999715 -239999850 119999715
239995620 -119991678 239995620 119991678
239996700 -119993730 239996700 119993730
-119998233 -239999070 119998233 -239999070
-239996370 -119993103 -239996370 119993103
-239998950 -119998005 -239998950 119998005
-239994450 -119989455 -239994450 119989455
-239997060 -119994414 -239997060 119994414
239999820 -119999658 239999820 119999658
-119999202 -239999580 119999202 -239999580
-239999400 -119998860 -239999400 119998860
-119996751 239998290 119996751 239998290
-119994243 239996970 119994243 239996970
-239998710 -119997549 -239998710 119997549
-239997840 -119995896 -239997840 119995896
-119992533 -239996070 119992533 -239996070
-119990481 239994990 119990481 239994990
-119994015 -239996850 119994015 -239996850
-119989740 -239994600 119989740 -239994600
-239994720 -119989968 -239994720 119989968
-239995020 -119990538 -239995020 119990538
-119990880 239995200 119990880 239995200
-239996130 -119992647 -239996130 119992647
-239996490 -119993331 -239996490 119993331
-119990253 -239994870 119990253 -239994870
-119991222 -239995380 119991222 -239995380
239998710 -119997549 239998710 119997549
-239994690 -119989911 -239994690 119989911
-119989170 -239994300 119989170 -239994300
-119998575 239999250 119998575 239999250
-239995200 -119990880 -239995200 119990880
-119996523 239998170 119996523 239998170
-119994357 239997030 119994357 239997030
-239997330 -119994927 -239997330 119994927
-119999601 239999790 119999601 239999790
-119993673 -239996670 119993673 -239996670
-119992761 239996190 119992761 239996190
-239995650 -119991735 -239995650 119991735
-119994870 -239997300 119994870 -239997300
-239998110 -119996409 -239998110 119996409
-119996181 239997990 119996181 239997990
-119996238 -239998020 119996238 -239998020
239997900 -119996010 239997900 119996010
-239995530 -119991507 -239995530 119991507
-119998290 239999100 119998290 239999100
-239999940 -119999886 -239999940 119999886
-239994510 -119989569 -239994510 119989569
239996370 -119993103 239996370 119993103
-119988828 239994120 119988828 239994120
-239999130 -119998347 -239999130 119998347
239997540 -119995326 239997540 119995326
-239997630 -119995497 -239997630 119995497
-239995620 -119991678 -239995620 119991678
239995890 -119992191 239995890 119992191
-119991165 -239995350 119991165 -239995350
-239999340 -119998746 -239999340 119998746
-119999202 239999580 119999202 239999580
-119991735 -239995650 119991735 -239995650
-239998440 -119997036 -239998440 119997036
-239995440 -119991336 -239995440 119991336
-119998746 239999340 119998746 239999340
239996400 -119993160 239996400 119993160
-119989512 -239994480 119989512 -239994480
-119998974 -239999460 119998974 -239999460
-119989569 239994510 119989569 239994510
-119998860 239999400 119998860 239999400
-239995950 -119992305 -239995950 119992305
-119999031 -239999490 119999031 -239999490
239999640 -119999316 239999640 119999316
-119988657 239994030 119988657 239994030
-239994540 -119989626 -239994540 119989626
-119991108 239995320 119991108 239995320
-119998119 239999010 119998119 239999010
-119995611 239997690 119995611 239997690
-239997420 -119995098 -239997420 119995098
239998920 -119997948 239998920 119997948
-239997030 -119994357 -239997030 119994357
-119996637 239998230 119996637 239998230
-119992419 239996010 119992419 239996010
-119998461 239999190 119998461 239999190
239995770 -119991963 239995770 119991963
-119997606 239998740 119997606 239998740
-119995155 239997450 119995155 239997450
239994630 -119989797 239994630 119989797
239997990 -119996181 239997990 119996181
-239995470 -119991393 -239995470 119991393
-239997000 -119994300 -239997000 119994300
-239999370 -119998803 -239999370 119998803
-119989569 -239994510 119989569 -239994510
-119993787 239996730 119993787 239996730
-119994642 -239997180 119994642 -239997180
-119995383 239997570 119995383 239997570
-239994390 -119989341 -239994390 119989341
239996100 -119992590 239996100 119992590
-119996808 -239998320 119996808 -239998320
-239997960 -119996124 -239997960 119996124
239995170 -119990823 239995170 119990823
239994570 -119989683 239994570 119989683
-239999070 -119998233 -239999070 119998233
239999160 -119998404 239999160 119998404
-119991051 239995290 119991051 239995290
-119994129 -239996910 119994129 -239996910
239998080 -119996352 239998080 119996352
239997810 -119995839 239997810 119995839
-119999715 -239999850 119999715 -239999850
-239996700 -119993730 -239996700 119993730
-119992305 -239995950 119992305 -239995950
239999010 -119998119 239999010 119998119
239995530 -119991507 239995530 119991507
239998170 -119996523 239998170 119996523
-119993046 -239996340 119993046 -239996340
-119996694 -239998260 119996694 -239998260
239996250 -119992875 239996250 119992875
239995500 -119991450 239995500 119991450
-119992704 -239996160 119992704 -239996160
239997720 -119995668 239997720 119995668
-239995590 -119991621 -239995590 119991621
-239996880 -119994072 -239996880 119994072
-119999487 -239999730 119999487 -239999730
-119990823 239995170 119990823 239995170
-119992875 -239996250 119992875 -239996250
-239999280 -119998632 -239999280 119998632
239997600 -119995440 239997600 119995440
239996670 -119993673 239996670 119993673
-119996865 239998350 119996865 239998350
-119994072 239996880 119994072 239996880
239998440 -119997036 239998440 119997036
-239999190 -119998461 -239999190 119998461
-239997240 -119994756 -239997240 119994756
-119994927 -239997330 119994927 -239997330
239998470 -119997093 239998470 119997093
-239996430 -119993217 -239996430 119993217
-239994750 -119990025 -239994750 119990025
-239994090 -119988771 -239994090 119988771
-119992875 239996250 119992875 239996250
-119988714 -239994060 119988714 -239994060
-119997150 239998500 119997150 239998500
-119989341 239994390 119989341 239994390
-119989968 239994720 119989968 239994720
-119989626 239994540 119989626 239994540
-119990310 -239994900 119990310 -239994900
-239998920 -119997948 -239998920 119997948
-119996865 -239998350 119996865 -239998350
-119992989 239996310 119992989 239996310
-239994960 -119990424 -239994960 119990424
-119996922 -239998380 119996922 -239998380
-119994699 239997210 119994699 239997210
239996580 -119993502 239996580 119993502
-239995770 -119991963 -239995770 119991963
-239999100 -119998290 -239999100 119998290
-239997300 -119994870 -239997300 119994870
239999670 -119999373 239999670 119999373
-239999160 -119998404 -239999160 119998404
-119998575 -239999250 119998575 -239999250
-119995497 239997630 119995497 239997630
-119993046 239996340 119993046 239996340
-239998470 -119997093 -239998470 119997093
-119996124 239997960 119996124 239997960
-239999550 -119999145 -239999550 119999145
-119991165 239995350 119991165 239995350
239997420 -119995098 239997420 119995098
-119996922 239998380 119996922 239998380
239995290 -119991051 239995290 119991051
-119989284 -239994360 119989284 -239994360
-239997600 -119995440 -239997600 119995440
-119989113 -239994270 119989113 -239994270
-119994813 -239997270 119994813 -239997270
-239996640 -119993616 -239996640 119993616
239994510 -119989569 239994510 119989569
239995950 -119992305 239995950 119992305
-239996040 -119992476 -239996040 119992476
239999130 -119998347 239999130 119998347
-119993787 -239996730 119993787 -239996730
-239994870 -119990253 -239994870 119990253
-119991450 239995500 119991450 239995500
-119996466 239998140 119996466 239998140
-239997900 -119996010 -239997900 119996010
-119991621 239995590 119991621 239995590
239997840 -119995896 239997840 119995896
-119993217 -239996430 119993217 -239996430
239995350 -119991165 239995350 119991165
-119997321 -239998590 119997321 -239998590
-119991393 -239995470 119991393 -239995470
-119997663 239998770 119997663 239998770
239994780 -119990082 239994780 119990082
-119997435 239998650 119997435 239998650
239999280 -119998632 239999280 119998632
-239999790 -119999601 -239999790 119999601
239996820 -119993958 239996820 119993958
-119991792 239995680 119991792 239995680
-119994414 -239997060 119994414 -239997060
-119993730 -239996700 119993730 -239996700
-119992362 239995980 119992362 239995980
239999100 -119998290 239999100 119998290
-119991507 239995530 119991507 239995530
239996160 -119992704 239996160 119992704
-119994585 -239997150 119994585 -239997150
-239994150 -119988885 -239994150 119988885
-119995041 -239997390 119995041 -239997390
-239994300 -119989170 -239994300 119989170
239994090 -119988771 239994090 119988771
239998410 -119996979 239998410 119996979
239997030 -119994357 239997030 119994357
-119997948 239998920 119997948 239998920
-119990025 -239994750 119990025 -239994750
-119994243 -239996970 119994243 -239996970
-119998062 239998980 119998062 239998980
-119995725 239997750 119995725 239997750
239996850 -119994015 239996850 119994015
-119998518 239999220 119998518 239999220
-239997210 -119994699 -239997210 119994699
239998200 -119996580 239998200 119996580
239994930 -119990367 239994930 119990367
-119997492 -239998680 119997492 -239998680
239998650 -119997435 239998650 119997435
239998320 -119996808 239998320 119996808
-119995098 -239997420 119995098 -239997420
239997570 -119995383 239997570 119995383
239994060 -119988714 239994060 119988714
-119997207 -239998530 119997207 -239998530
-239999010 -119998119 -239999010 119998119
-119995611 -239997690 119995611 -239997690
-239998410 -119996979 -239998410 119996979
-119991564 -239995560 119991564 -239995560
239996910 -119994129 239996910 119994129
-239994660 -119989854 -239994660 119989854
-119996580 239998200 119996580 239998200
-239996970 -119994243 -239996970 119994243
-239994030 -119988657 -239994030 119988657
-119999829 -239999910 119999829 -239999910
-119994585 239997150 119994585 239997150
239996790 -119993901 239996790 119993901
239997270 -119994813 239997270 119994813
-119997891 -239998890 119997891 -239998890
-119997549 239998710 119997549 239998710
239996040 -119992476 239996040 119992476
-239996670 -119993673 -239996670 119993673
-239996190 -119992761 -239996190 119992761
-119996751 -239998290 119996751 -239998290
-119990310 239994900 119990310 239994900
-239994630 -119989797 -239994630 119989797
-239998080 -119996352 -239998080 119996352
239994360 -119989284 239994360 119989284
-119993616 -239996640 119993616 -239996640
-119999658 239999820 119999658 239999820
239994240 -119989056 239994240 119989056
-119995440 -239997600 119995440 -239997600
-119992590 239996100 119992590 239996100
239999730 -119999487 239999730 119999487
239995380 -119991222 239995380 119991222
-119993331 -239996490 119993331 -239996490
-119998347 -239999130 119998347 -239999130
-119995953 -239997870 119995953 -239997870
-119994186 -239996940 119994186 -239996940
239997930 -119996067 239997930 119996067
-239997360 -119994984 -239997360 119994984
-239996160 -119992704 -239996160 119992704
-119992533 239996070 119992533 239996070
239995590 -119991621 239995590 119991621
-119997777 -239998830 119997777 -239998830
-119990937 239995230 119990937 239995230
-119996067 -239997930 119996067 -239997930
-119988885 239994150 119988885 239994150
-119999658 -239999820 119999658 -239999820
-119990823 -239995170 119990823 -239995170
-239997870 -119995953 -239997870 119995953
239997210 -119994699 239997210 119994699
239997390 -119995041 239997390 119995041
-239996520 -119993388 -239996520 119993388
239999760 -119999544 239999760 119999544
-239994840 -119990196 -239994840 119990196
-119992020 -239995800 119992020 -239995800
239996130 -119992647 239996130 119992647
-119988999 -239994210 119988999 -239994210
239998890 -119997891 239998890 119997891
-119998290 -239999100 119998290 -239999100
-119992590 -239996100 119992590 -239996100
-119990538 -239995020 119990538 -239995020
-119996979 -239998410 119996979 -239998410
-119988600 -239994000 119988600 -239994000
-119999316 -239999640 119999316 -239999640
239994600 -119989740 239994600 119989740
-239999220 -119998518 -239999220 119998518
-239997930 -119996067 -239997930 119996067
239997060 -119994414 239997060 119994414
239996070 -119992533 239996070 119992533
-119996295 -239998050 119996295 -239998050
239998560 -119997264 239998560 119997264
239999370 -119998803 239999370 119998803
-119997321 239998590 119997321 239998590
-239999640 -119999316 -239999640 119999316
239995140 -119990766 239995140 119990766
-119997663 -239998770 119997663 -239998770
-239997720 -119995668 -239997720 119995668
-119989455 239994450 119989455 239994450
-239999730 -119999487 -239999730 119999487
-119996067 239997930 119996067 239997930
239995680 -119991792 239995680 119991792
-119991108 -239995320 119991108 -239995320
239998110 -119996409 239998110 119996409
-119999772 -239999880 119999772 -239999880
-239999430 -119998917 -239999430 119998917
-119990880 -239995200 119990880 -239995200
-119991621 -239995590 119991621 -239995590
-239998140 -119996466 -239998140 119996466
-119992647 -239996130 119992647 -239996130
-119999373 239999670 119999373 239999670
-239999760 -119999544 -239999760 119999544
-239998530 -119997207 -239998530 119997207
-239994060 -119988714 -239994060 119988714
-119995839 -239997810 119995839 -239997810
-119995326 239997540 119995326 239997540
-239996250 -119992875 -239996250 119992875
-119997378 239998620 119997378 239998620
-119995269 -239997510 119995269 -239997510
-119997036 -239998440 119997036 -239998440
-119991507 -239995530 119991507 -239995530
-119997891 239998890 119997891 239998890
239994450 -119989455 239994450 119989455
-119989113 239994270 119989113 239994270
-119994471 -239997090 119994471 -239997090
-119990196 -239994840 119990196 -239994840
-239998680 -119997492 -239998680 119997492
239994720 -119989968 239994720 119989968
239997630 -119995497 239997630 119995497
-119994471 239997090 119994471 239997090
-119995554 -239997660 119995554 -239997660
-119994699 -239997210 119994699 -239997210
-119999259 239999610 119999259 239999610
239995470 -119991393 239995470 119991393
239998740 -119997606 239998740 119997606
-119998746 -239999340 119998746 -239999340
239994750 -119990025 239994750 119990025
-119996295 239998050 119996295 239998050
-119997606 -239998740 119997606 -239998740
-239998830 -119997777 -239998830 119997777
-119995953 239997870 119995953 239997870
-239999670 -119999373 -239999670 119999373
-119991678 -239995620 119991678 -239995620
-119989284 239994360 119989284 239994360
-119999487 239999730 119999487 239999730
-119999373 -239999670 119999373 -239999670
-239995680 -119991792 -239995680 119991792
-119992932 239996280 119992932 239996280
-239996340 -119993046 -239996340 119993046
-119988771 239994090 119988771 239994090
-239995500 -119991450 -239995500 119991450
239996340 -119993046 239996340 119993046
-239996100 -119992590 -239996100 119992590
-119994072 -239996880 119994072 -239996880
-119994129 239996910 119994129 239996910
239997090 -119994471 239997090 119994471
-239996460 -119993274 -239996460 119993274
-119989056 -239994240 119989056 -239994240
-119990652 -239995080 119990652 -239995080
-119995668 239997720 119995668 239997720
-119992362 -239995980 119992362 -239995980
-119999886 239999940 119999886 239999940
-119990709 239995110 119990709 239995110
-239999820 -119999658 -239999820 119999658
239996010 -119992419 239996010 119992419
239995830 -119992077 239995830 119992077
239994180 -119988942 239994180 119988942
-239997780 -119995782 -239997780 119995782
-119998803 239999370 119998803 239999370
-119996352 -239998080 119996352 -239998080
239995920 -119992248 239995920 119992248
-239998350 -119996865 -239998350 119996865
-239998230 -119996637 -239998230 119996637
-119997549 -239998710 119997549 -239998710
239998590 -119997321 239998590 119997321
-119991051 -239995290 119991051 -239995290
239998950 -119998005 239998950 119998005
-239998320 -119996808 -239998320 119996808
-239996820 -119993958 -239996820 119993958
-119989626 -239994540 119989626 -239994540
-239998650 -119997435 -239998650 119997435
239995410 -119991279 239995410 119991279
-239996010 -119992419 -239996010 119992419
-119998005 239998950 119998005 239998950
239999070 -119998233 239999070 119998233
239996220 -119992818 239996220 119992818
-119999088 -239999520 119999088 -239999520
-119992077 239995830 119992077 239995830
-119990367 239994930 119990367 239994930
-239998020 -119996238 -239998020 119996238
-119998518 -239999220 119998518 -239999220
-119996352 239998080 119996352 239998080
239996760 -119993844 239996760 119993844
-239996610 -119993559 -239996610 119993559
-239994780 -119990082 -239994780 119990082
-119993445 -239996550 119993445 -239996550
-239995350 -119991165 -239995350 119991165
239994990 -119990481 239994990 119990481
-239996580 -119993502 -239996580 119993502
-119998860 -239999400 119998860 -239999400
239998020 -119996238 239998020 119996238
-119992248 239995920 119992248 239995920
239999580 -119999202 239999580 119999202
-119999544 239999760 119999544 239999760
-239995320 -119991108 -239995320 119991108
-119993730 239996700 119993730 239996700
-119990994 -239995260 119990994 -239995260
-239998740 -119997606 -239998740 119997606
-119994357 -239997030 119994357 -239997030
239998260 -119996694 239998260 119996694
239999250 -119998575 239999250 119998575
-119996694 239998260 119996694 239998260
-239997090 -119994471 -239997090 119994471
-239995080 -119990652 -239995080 119990652
-239998560 -119997264 -239998560 119997264
239994870 -119990253 239994870 119990253
239995110 -119990709 239995110 119990709
239994840 -119990196 239994840 119990196
-119999886 -239999940 119999886 -239999940
239999790 -119999601 239999790 119999601
-119989341 -239994390 119989341 -239994390
-119995782 -239997780 119995782 -239997780
-119996181 -239997990 119996181 -239997990
-119993958 239996820 119993958 239996820
-239995560 -119991564 -239995560 119991564
-119998632 239999280 119998632 239999280
-119998803 -239999370 119998803 -239999370
-119993445 239996550 119993445 239996550
239994330 -119989227 239994330 119989227
-119993559 -239996610 119993559 -239996610
-119997093 239998470 119997093 239998470
239995050 -119990595 239995050 119990595
-119995839 239997810 119995839 239997810
-119994642 239997180 119994642 239997180
239995650 -119991735 239995650 119991735
239995710 -119991849 239995710 119991849
-119995269 239997510 119995269 239997510
239998500 -119997150 239998500 119997150
-239995050 -119990595 -239995050 119990595
-239998200 -119996580 -239998200 119996580
239995230 -119990937 239995230 119990937
239999490 -119999031 239999490 119999031
-119998404 239999160 119998404 239999160
-119988942 -239994180 119988942 -239994180
-239995380 -119991222 -239995380 119991222
-119990538 239995020 119990538 239995020
-119992191 -239995890 119992191 -239995890
239998290 -119996751 239998290 119996751
-239994420 -119989398 -239994420 119989398
-239998800 -119997720 -239998800 119997720
-239998980 -119998062 -239998980 119998062
239999460 -119998974 239999460 119998974
-119995896 -239997840 119995896 -239997840
239997750 -119995725 239997750 119995725
-239998590 -119997321 -239998590 119997321
-239997120 -119994528 -239997120 119994528
-119989170 239994300 119989170 239994300
-239998050 -119996295 -239998050 119996295
239998050 -119996295 239998050 119996295
-239999520 -119999088 -239999520 119999088
-239994480 -119989512 -239994480 119989512
239994390 -119989341 239994390 119989341
-119997264 -239998560 119997264 -239998560
239998860 -119997834 239998860 119997834
-119991849 239995710 119991849 239995710
239998680 -119997492 239998680 119997492
-119989056 239994240 119989056 239994240
-119990481 -239994990 119990481 -239994990
-119993844 239996760 119993844 239996760
-119989968 -239994720 119989968 -239994720
239995800 -119992020 239995800 119992020
-119993103 -239996370 119993103 -239996370
-239997510 -119995269 -239997510 119995269
-119989911 239994690 119989911 239994690
-239996070 -119992533 -239996070 119992533
-119999088 239999520 119999088 239999520
-119995896 239997840 119995896 239997840
-119997834 239998860 119997834 239998860
-239999250 -119998575 -239999250 119998575
239996280 -119992932 239996280 119992932
-119996409 239998110 119996409 239998110
-119998917 -239999430 119998917 -239999430
239999610 -119999259 239999610 119999259
-239994600 -119989740 -239994600 119989740
-119997036 239998440 119997036 239998440
-119993274 -239996460 119993274 -239996460
-239998500 -119997150 -239998500 119997150
-119992020 239995800 119992020 239995800
-119988828 -239994120 119988828 -239994120
-119996010 239997900 119996010 239997900
-239997990 -119996181 -239997990 119996181
-239996400 -119993160 -239996400 119993160
-119999829 239999910 119999829 239999910
-239996850 -119994015 -239996850 119994015
-119993160 -239996400 119993160 -239996400
239999040 -119998176 239999040 119998176
-119994756 -239997240 119994756 -239997240
-239994360 -119989284 -239994360 119989284
239996880 -119994072 239996880 119994072
-119996580 -239998200 119996580 -239998200
-119989797 -239994630 119989797 -239994630
-119999430 -239999700 119999430 -239999700
-239998770 -119997663 -239998770 119997663
-119995440 239997600 119995440 239997600
-239994180 -119988942 -239994180 119988942
239995740 -119991906 239995740 119991906
239997360 -119994984 239997360 119994984
-119988600 239994000 119988600 239994000
-119999430 239999700 119999430 239999700
-119991906 -239995740 119991906 -239995740
239998800 -119997720 239998800 119997720
239994540 -119989626 239994540 119989626
-239999610 -119999259 -239999610 119999259
-119995041 239997390 119995041 239997390
239994960 -119990424 239994960 119990424
-119995554 239997660 119995554 239997660
-119992818 -239996220 119992818 -239996220
-119989512 239994480 119989512 239994480
-119992989 -239996310 119992989 -239996310
-239996910 -119994129 -239996910 119994129
-119995725 -239997750 119995725 -239997750
-239996760 -119993844 -239996760 119993844
-119998689 -239999310 119998689 -239999310
-239995890 -119992191 -239995890 119992191
-119993502 -239996580 119993502 -239996580
-119990367 -239994930 119990367 -239994930
-239996220 -119992818 -239996220 119992818
-239998860 -119997834 -239998860 119997834
239998350 -119996865 239998350 119996865
-239998890 -119997891 -239998890 119997891
-239995830 -119992077 -239995830 119992077
239996550 -119993445 239996550 119993445
-239995260 -119990994 -239995260 119990994
-239994930 -119990367 -239994930 119990367
-119994015 239996850 119994015 239996850
-119998062 -239998980 119998062 -239998980
-119995212 -239997480 119995212 -239997480
239996190 -119992761 239996190 119992761
-239999310 -119998689 -239999310 119998689
239997870 -119995953 239997870 119995953
-239996730 -119993787 -239996730 119993787
-119989854 -239994660 119989854 -239994660
-119994870 239997300 119994870 239997300
-239995170 -119990823 -239995170 119990823
239994120 -119988828 239994120 119988828
239996730 -119993787 239996730 119993787
-119991279 239995410 119991279 239995410
-239999880 -119999772 -239999880 119999772
-119991222 239995380 119991222 239995380
-119998005 -239998950 119998005 -239998950
239994900 -119990310 239994900 119990310
239997510 -119995269 239997510 119995269
-119994186 239996940 119994186 239996940
239998530 -119997207 239998530 119997207
239995260 -119990994 239995260 119990994
-119995782 239997780 119995782 239997780
-119997093 -239998470 119997093 -239998470
-239997570 -119995383 -239997570 119995383
-119989740 239994600 119989740 239994600
239999700 -119999430 239999700 119999430
-119995212 239997480 119995212 239997480
239999220 -119998518 239999220 119998518
-119999715 239999850 119999715 239999850
239997450 -119995155 239997450 119995155
-119996523 -239998170 119996523 -239998170
-119989398 239994420 119989398 239994420
-119990595 239995050 119990595 239995050
-239997480 -119995212 -239997480 119995212
-119992476 -239996040 119992476 -239996040
239994810 -119990139 239994810 119990139
-119997150 -239998500 119997150 -239998500
-119991450 -239995500 119991450 -239995500
-119995326 -239997540 119995326 -239997540
-119999145 239999550 119999145 239999550
239998620 -119997378 239998620 119997378
239999400 -119998860 239999400 119998860
-119999031 239999490 119999031 239999490
-239998260 -119996694 -239998260 119996694
-119992647 239996130 119992647 239996130
-239997390 -119995041 -239997390 119995041
239997330 -119994927 239997330 119994927
239999190 -119998461 239999190 119998461
-119999145 -239999550 119999145 -239999550
-119994528 -239997120 119994528 -239997120
-239994330 -119989227 -239994330 119989227
-239994990 -119990481 -239994990 119990481
-239998380 -119996922 -239998380 119996922
-119995497 -239997630 119995497 -239997630
-119995383 -239997570 119995383 -239997570
-119988942 239994180 119988942 239994180
239999520 -119999088 239999520 119999088
-239994270 -119989113 -239994270 119989113
-119994300 239997000 119994300 239997000
-119998233 239999070 119998233 239999070
-119998461 -239999190 119998461 -239999190
-119994984 -239997360 119994984 -239997360
-239997690 -119995611 -239997690 119995611
