5015
941 3178
2859 277
4744 4221
1172 749
1598 4531
4924 1989
682 1457
2094 2773
1124 3802
216 4490
2278 4890
4069 456
1295 4731
4746 3853
1422 4864
2395 141
1772 909
4875 3580
2979 3773
2539 3920
3679 2005
2645 2047
4738 3170
3818 3655
1353 2499
1903 3474
684 115
4466 4150
83 3913
2911 3211
1178 3547
1425 3011
582 2194
4291 1888
4717 3618
451 629
3229 1423
577 2284
62 1338
2848 1443
4923 4159
3696 1429
2142 4318
2376 1894
905 2155
594 1710
3621 3041
5007 443
1162 437
3773 337
1502 455
3680 3100
1594 3919
3494 3377
3855 1278
3644 2140
4797 4539
297 3297
3534 4745
1618 3437
877 190
4925 585
4505 2469
4541 1442
1368 1132
1003 3044
1475 4477
2974 3001
2337 3221
3909 3082
3382 2540
2668 3166
2894 908
3066 46
4221 2489
3826 2373
422 4441
2003 688
3025 81
1293 4872
3869 2342
1083 469
4731 4983
4900 4467
4904 185
1852 3112
3737 1088
3248 362
1302 2934
4649 2750
4488 343
2825 33
2857 49
1275 1154
4299 1629
3795 2542
4142 3464
2103 3321
1456 1696
4569 1801
1317 1642
1595 4926
2930 291
599 4204
4350 1030
4681 274
3543 575
813 3534
1778 3433
4534 4184
3890 1091
1384 4651
3371 3506
3938 835
3862 850
4315 1411
4696 3531
2952 4360
4984 291
3392 4827
668 1785
4159 2232
4857 864
761 4526
1621 600
961 3092
2724 701
3793 3801
4257 2873
562 4551
552 2432
158 3716
1556 999
3517 3432
826 1557
2030 3009
3318 1696
741 3399
4014 1870
2095 580
853 4289
1230 4708
4755 2316
1011 242
3499 1388
3468 228
3173 1411
2022 4323
2161 3967
338 3962
4576 3338
398 2725
1071 486
3226 4419
4143 688
4204 1184
1607 4864
1790 1193
2211 4138
30 25
3219 3218
2544 2654
2206 44
2596 1673
3638 1755
4888 3785
4641 2528
708 3983
3125 1468
2098 4516
2173 698
4161 2228
802 4034
1611 337
2508 2528
382 2723
3685 4675
2034 3513
2225 3235
1689 1519
3446 4856
964 4373
4921 254
794 1455
2092 253
164 1389
1604 2370
2842 4964
340 1251
3311 3596
1622 1183
1194 2142
1717 4875
3154 4602
2737 3196
1679 3581
3142 3739
973 692
3542 4213
4367 611
4274 3755
4409 4702
792 3780
660 1270
1403 1186
3455 3478
437 4852
1274 3308
346 1584
1700 3593
4498 4768
3316 1936
95 310
3851 3229
2981 217
1069 864
647 2599
38 1165
2609 3201
86 2710
4044 2668
4862 3828
3355 159
764 2990
3188 3541
1045 404
2290 1146
3730 2480
2899 3968
4701 1480
2754 2446
4791 2752
4506 115
2568 1546
172 1647
1883 3766
3920 4093
3306 4317
2560 2038
2757 2400
3169 4421
1762 3848
1281 1797
1908 1401
2716 3752
3945 1264
4630 4259
3904 3760
2677 3221
3049 556
3825 4149
1183 3444
4547 3482
63 4385
4276 1586
4860 4392
2235 4217
549 2547
2375 4287
3041 781
3854 1435
3498 1407
3647 3896
3268 2638
1354 2049
1665 2027
3075 2235
4141 2730
1707 1921
3364 335
1454 2636
2582 1414
4027 3441
4469 2756
2013 1754
4809 3155
4751 2235
726 1606
476 2782
2220 4047
4286 342
557 3665
1725 2653
3407 2597
2047 2612
915 3586
3849 3643
3873 4542
3084 3491
3870 4477
4558 3336
2322 3104
1339 2252
3124 3858
897 4032
3739 3055
735 268
2749 4024
2575 147
3860 2763
606 4789
2824 4352
1691 4457
2970 3132
3489 47
484 1820
1291 175
2263 4479
2727 2054
2117 2240
4445 3352
2577 1201
3844 3219
1018 3179
4415 2208
4482 3599
1024 1557
3719 4570
1582 258
3409 4453
151 3739
4280 87
2285 2836
595 4413
4435 2151
2437 1362
219 792
4821 4300
4911 2432
4149 3879
2293 712
1496 3190
2346 4930
187 4866
3432 510
1334 432
309 211
2962 979
475 1463
796 3673
946 734
2064 4936
29 4753
1374 4476
228 1902
4460 120
3199 1267
3435 3577
4990 1478
1838 3382
1647 837
2231 4269
3536 4833
1630 3499
3007 1808
537 4662
4052 3004
2174 4322
2713 292
4684 2244
1983 1386
1444 242
2227 4640
1376 2606
417 1128
1963 724
41 332
2218 4577
2078 694
1010 2116
243 2417
1464 1095
2186 224
2179 2556
3782 1002
930 3398
1000 4471
683 2303
4922 3917
1793 1830
4170 2729
5006 4451
4175 3054
652 1847
1782 206
755 4146
1158 4256
2870 3107
611 2183
372 1663
2303 539
2222 147
4042 4470
1846 4821
1186 4287
4268 4835
1741 2724
4058 3432
1085 3407
756 2348
3804 1455
1733 4426
3120 1233
4933 924
1512 171
261 1668
465 188
122 2562
5009 157
4068 525
1484 163
4804 3921
2412 3811
3108 3046
4227 3230
1794 3993
364 3926
587 818
3813 4151
4059 1413
1203 138
4729 3438
4806 4096
2407 3560
2069 935
4594 2111
36 2792
1504 3963
2351 1281
4881 4562
2809 3175
1570 3037
2887 4792
2462 2651
3655 3549
4676 3958
999 799
3412 809
4470 2583
3390 1287
759 936
2329 3942
4771 819
1217 2073
4164 3143
2777 224
1411 5003
1380 702
896 2652
1433 226
3365 3859
706 3097
2270 571
165 1185
2007 1346
1659 4813
3098 4963
1030 4184
566 389
2574 2288
2845 1868
732 925
3073 4748
1600 62
212 3358
502 4375
1676 4417
4135 4713
4352 1397
923 253
3538 2763
908 701
115 1564
1400 2355
3323 3415
3688 4873
1524 3332
917 556
3606 2652
4236 3617
1866 2508
177 4497
3039 474
3484 3061
3001 1795
3294 6
2720 4731
3428 4213
4833 4328
1624 903
1514 3885
293 3114
2079 2982
4713 1814
4589 2168
4929 1358
1110 1246
2580 4316
1613 437
4075 4360
3032 1978
4495 3769
1088 3097
478 3699
1510 4078
4348 90
1994 872
4869 4361
744 2332
2714 3716
1956 3983
867 1097
1016 1931
1939 2620
4521 784
2484 1340
235 2192
1776 3392
3016 3471
3417 2323
4112 3871
4354 3115
3814 168
2633 834
191 3841
4739 2250
4399 289
3784 3355
643 157
474 2350
4949 3524
2236 3210
791 1773
436 4184
840 1042
3493 3525
4085 3070
1827 2340
2647 263
690 3629
2684 4530
3751 785
1950 4141
2558 1336
2958 4589
3088 2021
3683 2792
4238 4130
666 821
303 3930
1462 3752
3508 864
3570 1217
2998 3930
2660 2607
2734 2265
1080 3152
2015 1256
2363 4282
2208 1815
4380 2528
4907 3513
558 1500
1877 2141
2512 3934
2131 4202
2163 4627
1272 2385
1082 4125
4476 2638
4693 4863
153 380
4598 1526
1149 4472
4447 3437
4567 835
2481 681
3257 693
771 443
3672 3635
2021 1000
2425 1493
262 3561
2275 2301
4775 4214
3809 3643
2460 4721
2372 939
4307 4567
2111 2241
1566 213
500 1820
951 991
3662 3514
430 1898
2448 3246
4522 1769
2861 352
4496 988
4879 3572
2036 769
90 226
4155 2173
4882 968
4465 777
2494 2078
3993 3439
2001 1885
4036 3337
4324 3680
1002 3634
392 1427
1093 2547
3576 426
1488 3814
4414 3016
3659 1425
4444 4150
1810 749
4587 4567
800 1227
2081 4422
3064 1062
4523 4236
229 1894
2683 3922
3794 946
1323 2221
3047 2437
1130 3244
2843 2190
2739 2387
4169 4015
4741 977
2325 2596
4279 4338
2744 904
1537 4348
1985 4039
1708 3498
4687 1723
1655 3833
2054 2810
3881 3979
3843 4296
4319 3138
4021 1323
4859 3349
136 286
3244 1590
2417 3665
3028 2464
20 4740
1546 2554
1027 2996
3184 1838
3852 1566
2680 4842
3557 82
784 3356
93 3457
1142 2997
957 3957
2458 979
4724 1362
3043 4931
1599 547
754 2319
2421 4250
4727 3892
3338 4343
2299 3700
4599 2079
1818 2618
1055 4529
292 115
3216 2153
4529 2034
230 1931
3445 4184
4122 1338
2793 4421
4986 1727
2976 4813
4111 643
2100 3824
1843 2879
1048 4143
4173 2916
1991 1812
4273 682
3983 908
3887 3922
2682 92
4635 3740
3726 516
4855 3104
2238 3456
2010 3847
5005 3859
3926 1207
3480 686
1140 2881
409 1044
2450 169
2204 4236
516 1156
1980 1200
4096 1057
1378 2880
2233 4266
3788 864
4793 3779
1996 301
3132 4942
2334 565
3250 1097
880 1359
3451 2345
2430 3717
33 1393
3564 2803
257 148
3703 374
3438 837
3961 629
1006 4164
3646 2524
1228 2811
2493 4143
306 1634
3950 3329
649 3202
1352 168
3769 5012
71 4741
1872 3091
3479 940
3590 340
1844 953
2927 706
3141 1973
3262 3774
383 3833
1333 1434
4405 1722
4778 4428
1167 2631
2865 4772
3279 2416
528 3277
1156 3146
2318 3896
3989 1656
3105 3159
1175 2075
3121 3098
2313 128
3603 2030
377 3941
339 459
1271 2088
1685 4054
2135 205
1318 2478
307 242
2101 3478
1564 4259
67 2828
1042 2409
1799 673
4633 1882
3106 2845
1951 3353
1340 248
3379 2637
495 592
3706 2340
4898 3388
3353 3921
1849 4228
2442 1313
4446 4062
193 2271
1020 910
1381 462
4819 3303
4019 2835
1614 3225
4951 2974
3395 4384
4440 1591
757 905
2988 2854
3040 2748
3399 70
2511 4001
2051 4866
879 3332
658 2051
5011 1303
2130 3673
2296 3842
399 4270
456 4257
4493 2952
4104 155
2957 3121
3274 3693
1859 3694
4214 1484
447 1121
272 338
798 657
3819 1201
1187 5003
180 4914
1430 4843
4463 4248
3013 92
1053 3437
427 2958
2087 8
898 1876
4297 4054
4099 4479
2589 2509
1303 4394
468 1347
4443 1623
4265 4012
3921 115
2075 4213
4504 2030
52 4462
3669 3524
3163 2915
2434 4330
46 4826
119 3220
4682 4921
712 4704
3426 4489
3978 3889
1499 2340
4939 1394
4231 2
1755 1287
123 212
4697 3367
1552 4871
4241 2315
3527 2643
1160 2319
527 2503
4050 1381
4209 3331
939 4114
4056 3869
3957 681
310 2408
3017 2153
4193 2938
1419 1277
2980 1414
4243 1042
97 1950
1258 2540
4993 1742
3129 1088
2909 922
1944 3486
4768 3529
1520 1137
1135 3109
1968 1765
3027 1923
2020 1803
4461 250
2646 1992
4338 2009
322 3829
1296 3450
3300 2871
1012 3804
3060 1886
2093 4232
4424 4539
4712 902
4212 3501
2023 1292
3677 2055
2356 1082
1909 4502
4776 1598
3491 1814
1997 1376
523 4464
720 3047
3584 3940
1817 4497
2497 205
454 2045
662 3584
2690 2259
753 4748
1189 2211
4983 2508
510 1324
3403 1962
4700 3170
4030 4036
2265 2045
4994 2505
4733 2518
4585 1958
2519 2640
725 4030
2361 4987
2229 647
2692 240
4519 1577
2592 2107
745 178
989 1992
1393 2145
935 2776
1443 3390
3723 981
949 4544
1936 4526
4163 437
2432 2528
2195 2777
1929 3878
2948 509
2312 3821
3656 2474
3315 3955
2997 3731
264 3445
3760 2232
2080 2180
671 3553
3062 4183
1292 2192
498 3696
4107 3885
56 2175
3941 1895
2411 2730
4190 3331
3996 784
4146 4691
352 3030
1947 2243
2954 515
4526 1097
3394 3381
455 756
4734 133
4822 4886
3832 3885
525 3513
1923 4553
2396 2938
3208 4660
3780 2717
3992 1498
691 4055
453 4726
1497 2657
1954 925
4024 1698
1752 3968
4784 1286
4417 4311
4379 632
2993 7
1671 4035
4750 47
4666 2610
2704 4848
4450 2585
2738 2876
1025 1292
2503 3670
2192 2104
17 1550
944 4530
2897 4199
3707 3904
3430 2832
1769 4992
4685 1374
869 2270
3397 496
4918 1398
3363 2184
4896 1456
515 2094
2891 3147
1345 3054
2745 2772
1279 3270
4551 3337
2439 394
4785 4898
910 4796
1542 4748
2419 2599
3341 4321
817 870
3861 3567
4926 2045
2136 4728
4477 1384
3492 1058
1206 4765
1829 3902
3838 601
152 898
4651 3886
3267 1627
1214 336
442 3983
1584 3102
1910 4656
827 2405
3238 3135
4927 768
3742 3895
3627 104
487 4864
1661 4842
704 3242
79 1089
3971 633
623 3871
4144 1327
904 4489
1441 4072
4053 4469
5001 4562
4416 1198
4072 2686
316 3433
1249 640
858 3883
211 1034
4980 804
1074 2131
1261 1830
4619 1657
4208 4885
4995 2972
3079 532
795 2117
3512 3987
2436 892
1262 1403
4646 3607
326 1698
4263 615
4573 587
1118 3870
4400 750
4422 4012
4368 3457
907 2641
2541 4439
1932 3583
1009 2323
4453 1484
4618 2879
4118 2689
1397 4307
2644 169
3547 2709
1697 4982
1040 1411
2214 908
1798 2458
1879 4995
997 1670
1134 2264
3221 1714
1984 2039
2797 1672
1485 749
2061 2545
138 4784
709 726
538 3617
4930 799
580 2749
3137 3751
894 1566
3059 4257
1896 2756
4663 3037
4555 510
413 2400
921 1889
4795 4935
1104 1898
2489 369
3960 2041
4160 3437
3654 713
4513 1094
2886 537
3636 4197
1382 2778
3138 499
2454 4912
4102 2645
1511 2009
971 4877
4389 196
2535 2749
344 2782
4985 1654
1394 2459
3354 3435
962 1678
4154 2409
2933 2367
625 2199
2469 3232
3254 3054
3805 362
1013 3461
379 1820
1243 4896
488 4268
2743 940
3411 1255
1656 217
1992 2986
4780 435
4664 92
1439 442
3725 1347
1437 4033
4340 1933
4883 817
1459 3673
4790 2235
3757 3644
1792 2289
3924 227
4590 4305
2402 2869
358 2706
3343 3412
862 334
1387 3227
824 1869
4544 3591
4385 4774
3639 867
1815 58
1588 23
1705 776
4556 4172
4442 3760
2319 2687
2384 1397
410 952
213 739
2751 460
2248 924
1507 3299
2237 3029
117 2643
1347 4525
4184 572
3694 5008
2816 35
3282 4294
2383 3590
2778 3012
4206 1442
2323 3166
4457 1363
3156 2725
2144 829
3 2926
3503 5014
3916 657
2779 1881
2614 4441
1675 875
1072 1525
1871 4205
3799 3777
887 4385
1718 12
2289 4463
2791 4924
4101 2221
2198 728
3462 2140
871 4936
1766 1048
1964 647
4066 3757
4909 4919
308 1247
1988 2870
1795 2639
3736 4362
4095 555
4937 4061
3728 4638
1336 1409
3100 3923
2040 1426
3892 4213
3213 944
674 2421
324 335
2746 1653
2586 1624
2041 2480
2382 2988
4384 917
2012 4630
3611 2704
4487 4727
3443 2035
1744 5005
4327 245
4497 4202
4260 2652
3612 1883
2995 1127
4549 2150
4850 1104
980 2782
214 756
286 1463
1276 3732
4081 944
4302 1935
200 658
2455 1640
1070 4820
1402 1341
3872 701
1153 369
4624 600
3934 4646
3280 3363
4979 4533
3929 1271
2500 619
3947 3703
4174 4709
3076 905
3645 1056
2359 3922
1774 1500
3899 4188
3006 2953
2867 3785
242 342
4147 2052
3995 3159
4611 4183
3559 1300
3504 4383
1480 3358
1538 3344
2873 3941
4328 2845
1823 4067
1998 1817
1820 4786
2480 908
1808 4507
3811 3720
1038 4203
4326 3133
3418 2711
2587 1921
23 519
196 2737
3796 745
1389 2511
3829 1522
2971 937
2304 4753
3702 3356
4826 3178
3520 3921
2804 4357
1283 4240
2446 3134
1165 951
4403 3427
4303 4830
1746 2815
4954 1829
144 1145
2451 1340
2341 4813
3666 340
3928 1820
3272 1402
4374 5014
3222 4657
996 3787
1749 1050
2905 40
217 1324
2578 457
3389 3356
461 3115
3277 12
3071 2285
375 628
4878 1977
3266 728
772 372
4491 809
1748 1945
2301 3008
1273 304
2593 211
4616 3922
3299 2343
3691 4231
2874 1426
3670 4220
4218 399
2712 3670
157 1696
4343 170
270 143
4811 5013
4373 1814
1191 1204
1148 2794
1966 4798
4843 1186
210 568
2868 2902
2527 1457
4090 2685
2654 1930
426 1300
3710 25
176 2658
2595 3565
2314 4058
1904 584
227 512
2297 4620
617 3973
2885 4298
4674 2585
2504 964
2977 1410
3422 2852
2605 2194
3871 2131
4127 590
2410 2453
2342 480
2302 1053
320 222
2652 4987
2184 2859
14 4356
1973 345
669 390
2230 3529
2901 2224
3577 3934
2193 1641
3239 3228
1036 1258
4507 2575
146 292
1889 587
466 229
299 4674
1835 1073
3822 1130
245 2138
1840 178
3545 2262
2679 3546
4220 4296
3733 260
4063 3805
4489 3278
4515 1847
4008 4634
1448 4565
276 25
1330 4853
859 210
1606 2329
1990 963
613 2110
3987 4772
2073 1098
4959 508
240 3848
3466 1501
3991 4472
2110 1690
2014 1393
1407 505
3469 211
667 4541
3284 632
263 3598
3209 2903
4886 4620
2871 4019
1447 4006
3761 377
5003 4375
1463 2168
2145 979
3888 2573
3513 3169
3764 436
1314 520
2691 4642
1421 3749
2327 3605
284 4757
1807 3924
2956 2710
3571 2350
2621 1603
593 43
328 1060
2833 466
2099 3442
3962 4912
3346 221
3972 2341
1065 3291
4277 3358
51 1565
1282 2218
3261 333
3948 3613
2326 845
4472 1654
107 111
2730 352
3050 90
1103 1962
2947 1456
1094 948
401 2252
2057 59
1372 4047
3605 2115
1948 3909
4686 3395
920 3629
687 3720
3815 4686
2340 3953
2537 459
768 3560
3649 303
3175 4928
530 872
111 3406
4975 4495
3798 3528
2405 2956
3845 4135
2607 2888
1781 1583
2627 2086
4606 373
27 758
2828 756
4502 3230
1091 382
2197 4906
31 3680
1816 2816
1555 1233
2112 2991
4084 3603
2420 4850
4321 555
511 3683
598 2941
3291 3177
3376 3298
142 1198
4 2030
4891 575
1837 4361
3232 459
1949 3256
1662 1861
4363 4894
1498 3842
3225 2157
3594 2003
3790 588
2919 1143
4339 4379
3674 787
1989 3427
4148 4243
1754 1174
4988 1442
482 3444
2540 3265
2089 3340
2017 3203
3786 452
601 3911
32 2443
3036 3347
2639 4621
1916 4832
513 709
3335 3566
1487 58
1642 4151
4431 4954
3637 4593
4131 870
4035 4472
2841 4372
4464 3542
1043 4361
4153 3968
4092 3916
3555 522
3652 1276
1494 1023
234 2358
831 2538
2895 751
499 1914
289 1593
851 3380
1946 2799
334 4856
3980 3474
2731 3382
3305 4675
565 4412
3626 4105
1033 1218
2246 1573
4774 2402
546 4525
688 1640
2445 918
1847 2319
692 4260
3276 4900
60 4618
402 1936
2814 3577
3575 801
2269 1360
2875 4537
4834 2094
998 3720
3345 457
3271 3025
3370 2074
1884 3648
1219 2469
2675 3215
4429 4882
1154 3095
1553 4564
4285 3069
2879 3439
3896 3430
4121 2199
4973 3235
2782 2998
1115 908
2355 751
1836 2029
4642 3415
3913 2227
1578 2070
3347 3776
1017 2598
3241 1280
3889 2697
296 3913
1099 1010
4512 3871
4743 4856
4503 2516
1427 3390
4968 2786
1699 3347
3886 4897
3755 355
3083 4851
3848 1410
3582 4373
3086 3575
4807 1779
903 2659
891 1586
630 513
477 3527
440 1424
4396 2132
807 2793
239 3545
4605 1287
1684 3455
4858 2763
703 3530
2545 3162
1288 4065
408 2005
4568 4764
1824 1951
689 4291
2634 2977
2763 4592
3202 4907
1927 3043
91 2819
2276 1457
2839 3717
109 224
4528 862
4418 2903
3023 3246
2406 1197
4603 787
1549 1155
3413 4873
3069 33
341 4709
3010 3006
3658 3289
4533 2217
4310 3340
1139 2756
3915 3554
4335 982
2121 2619
2107 4943
2978 848
982 4983
3045 2601
3898 2465
4849 3769
4901 1879
128 4951
636 4375
1924 3455
2846 4502
3919 680
3617 2208
3463 4591
1905 292
3362 4955
3539 2000
4033 344
1914 2750
4196 2661
1941 235
2321 2713
876 2037
1410 2489
76 3228
4139 2645
2921 2124
2533 1984
3182 3181
390 2852
932 3464
2866 4019
1669 2620
4412 749
1907 2793
4305 4918
1506 4826
4593 600
3661 4230
2166 4642
2194 262
4264 2902
4704 684
1930 2006
2201 4832
3336 640
5008 2281
2953 2075
1563 658
3246 1564
2733 2218
2074 4453
3596 4672
2252 987
3333 4151
509 3201
1170 1655
2968 612
679 4355
1682 4826
441 1774
156 4632
4769 3035
2802 3635
53 981
1680 2238
1106 3512
3334 629
3210 1603
4428 4356
2333 1636
2650 2273
411 4537
1058 721
2132 4533
1619 1193
3135 3448
4527 4034
716 3525
1198 2088
1513 508
696 4248
4865 2200
371 3737
2168 442
3063 3503
4718 1002
2625 4453
602 1428
4029 3029
2822 949
2084 1596
1034 342
979 2287
69 2035
1075 4998
1432 4255
902 2042
4003 4068
4808 610
2663 3441
4117 610
480 2006
3082 4914
1451 4116
3309 3734
3791 1543
1788 3123
4100 4778
432 3780
1821 1716
535 1605
2244 4014
423 338
4235 1709
1222 3548
2522 3628
3449 2329
874 2875
1777 2459
4211 3830
4691 1819
544 843
4745 1425
4009 2447
1833 1645
2177 4349
1196 3030
2926 3180
4705 4374
4001 3560
4812 2586
266 1586
2914 3193
588 2638
1873 3024
2632 2865
277 4760
2274 533
2800 1499
4800 1051
1255 4096
1270 3140
3994 4490
533 4620
983 1525
4091 1039
4401 4786
3178 4887
4189 3915
2548 2376
4977 3075
2147 988
3657 3918
4430 1760
4885 487
2701 3652
2433 709
317 1115
1308 3325
492 4339
2747 126
2765 2587
470 2108
2167 1923
3544 3491
1360 211
3290 4372
1633 3669
120 403
3553 3400
2710 4164
2648 2303
2399 4137
179 3221
132 1211
4129 222
2416 447
4961 2944
1141 2978
919 3071
1029 1082
2063 3046
278 832
1591 3320
2685 3580
694 1524
2831 3931
884 4782
3877 3476
1240 2404
1876 2821
42 3001
2298 1032
2889 3356
3722 2274
584 2158
672 3976
2379 2685
1706 1401
4079 687
1651 1468
1545 1356
4577 3703
2259 3922
886 234
4017 2290
1349 4366
4183 3941
182 4102
1131 2362
3275 837
4614 3755
2137 196
1461 3972
1931 4639
1993 1488
1129 3900
267 1264
1638 399
3954 3300
2853 544
5010 4396
3558 633
2505 656
1473 241
555 125
2267 2607
4562 1347
4720 90
1495 168
586 4199
250 4217
2024 3861
3072 3117
1562 1998
1450 2989
4167 84
2400 1885
4943 3632
1264 3048
3015 940
4740 208
3502 1919
3465 4179
2623 506
1750 2819
2876 2540
604 151
775 311
981 1045
2810 2731
3800 2203
81 1890
1783 1042
207 3583
2273 3688
2332 1362
3956 1336
4736 774
4772 934
4295 1464
4410 2690
4320 2480
4390 1053
3774 3001
1201 4360
1434 3355
2245 1329
4188 2108
113 196
2985 2626
699 3176
1787 2331
2207 219
2944 1044
3906 3991
4216 4307
1902 3231
1674 625
1709 2538
2803 3282
3837 485
1958 3124
418 2132
878 4664
4370 4375
2884 878
2487 4362
1005 4021
4545 3680
4967 199
2257 1857
321 2646
3953 2838
3816 3212
1660 1837
1442 4839
3249 3415
103 1384
2354 4215
4722 4945
1328 3308
4786 1630
811 1280
1539 4845
1657 3216
3375 4362
808 3124
3914 1281
838 4660
3332 3983
1277 4967
4711 4864
4914 3840
4962 2209
2441 2147
3372 724
4130 793
2890 3932
301 476
2353 2016
2920 3144
3867 2226
2169 1157
2752 4644
3824 2540
3251 1145
2431 2462
1881 2665
251 3353
3415 1302
1112 509
3758 2811
3457 4243
1775 214
3393 1403
331 4551
1605 3294
2984 1412
4194 4260
3367 1458
3878 1981
2913 4748
1181 4984
4088 4264
3876 999
2178 1821
2767 646
2939 1394
4304 2451
899 732
96 4248
2219 2528
1834 4646
3373 2514
1953 4390
3488 1580
535 701
974 4472
4586 4802
1826 1890
4364 2764
449 4954
4760 2453
4267 4338
3563 3505
2938 789
3292 1876
2286 1135
129 3317
3350 1617
4432 4992
1940 346
1652 3398
1760 3709
1715 1485
2046 421
2190 903
3099 532
2571 1292
612 4929
2202 2982
956 4029
1235 3212
3977 1688
481 1656
4608 4963
1241 194
2160 2563
4596 2331
1503 3895
1426 3332
15 1281
3609 1955
412 14
3744 4945
1886 4484
1044 1777
1608 1470
3068 2622
4375 72
512 368
137 1777
1649 2550
1583 868
633 2292
1501 443
991 342
843 4552
3131 3511
149 3362
1597 2945
2133 1716
2534 3615
4516 819
259 1590
2628 1836
4831 4142
1026 1754
4378 4826
3022 3315
4336 1433
2123 1880
1472 4906
467 515
4093 805
1159 1494
114 4984
3360 2483
2438 437
4679 147
1943 2037
576 436
3054 3115
2893 2890
2154 3894
2818 2681
3528 2535
1767 141
514 4758
400 4415
846 1023
1610 2369
3061 4612
4726 3319
2164 273
2834 4631
4796 6
1465 653
22 2982
2554 1538
186 3583
849 4400
1761 2692
4408 4983
1377 4865
3171 2432
2547 537
1525 4089
1310 3505
1625 2320
3386 3970
828 1064
414 2878
4499 3169
1757 4643
4643 2348
4051 4264
4022 4114
333 1518
988 3278
1037 4953
188 4688
3287 3292
366 3724
4867 4180
2212 3532
3817 2426
4474 1781
4419 1649
4037 1775
3288 4115
168 4430
937 4761
749 486
1471 4464
1811 4421
2613 2982
1641 3001
1856 3417
2008 2730
3841 2690
335 1857
4323 2991
3946 4862
2672 4562
3442 3031
2630 4954
4987 4926
3974 234
4723 2442
2565 1611
1245 1428
1730 1423
1244 4973
2387 1196
3377 4453
2076 2459
777 1927
4219 3447
4695 3225
1212 3973
4171 1678
13 1002
4309 1114
2403 1486
367 4530
2426 3672
4706 3922
782 3007
591 3480
3523 4199
208 4782
1589 2094
2576 4918
2390 4618
4342 4348
4890 2782
1466 2630
844 4301
711 4745
3421 3390
2151 821
1267 2711
841 3813
3289 1045
1845 2591
4011 5008
3580 3478
3653 3251
3746 2968
3500 598
315 2408
4234 2013
1694 1932
3865 2989
864 442
4656 1914
3322 603
438 4960
215 2859
1758 977
1703 769
631 199
3748 1150
1035 1022
1057 758
2792 4140
542 2447
2483 1883
1086 3362
4652 1340
2830 3497
4742 1276
4369 456
2764 3646
1116 3152
2470 2286
2937 4552
3230 4527
2788 360
1759 288
94 4974
2056 3557
781 426
1592 623
2863 3546
3057 2087
2935 4786
2418 488
4531 1849
4314 2488
373 2696
3882 3170
3056 4735
84 4089
4168 1500
569 1718
3218 602
934 271
4730 3024
4098 830
2476 3534
3678 1727
3212 462
2815 2694
2622 1823
4296 1753
1822 1276
118 4536
2528 701
929 857
4087 3946
2561 4362
4046 2078
3130 1899
3278 4983
2850 477
1155 5014
1211 4977
2556 40
1305 4434
3396 4663
1300 4569
2583 4937
2260 4041
2113 1908
1414 3977
3127 3110
825 1053
1851 2774
4578 4813
3471 217
653 994
4974 3435
579 3302
620 844
785 3511
914 509
1763 3263
3705 2362
1975 1618
159 4243
1365 664
742 1145
1416 543
80 771
4913 1345
2892 4560
4934 1738
3223 2992
1658 2986
2572 4749
4638 1797
64 3501
1385 943
2172 4343
1632 1289
3126 4184
2413 1478
3735 2301
3632 2777
1229 1649
4702 4159
4455 3159
170 1362
3264 3581
4683 942
895 268
977 2922
1166 1856
178 3119
1109 1264
1609 2998
4134 2495
4349 991
77 2873
918 809
868 2710
2029 4537
16 3353
1695 2516
2499 1499
1802 2479
4870 627
1220 1750
4677 2279
1190 2758
2009 1155
1023 753
4765 4446
3296 4984
3931 487
734 3611
559 608
1806 1873
4124 2779
3205 2683
2760 72
4165 976
1560 148
35 128
4337 4666
1509 1875
3787 1611
4094 2959
1226 81
1974 3478
2951 486
609 4393
1404 3564
1979 948
2934 701
4942 3178
2817 292
3797 3559
1937 4984
325 1292
1014 4130
2880 46
2963 4372
2698 463
2283 1074
2234 198
3155 4006
2127 583
1654 706
3640 2305
4054 1485
1668 4513
2315 2528
1089 27
1587 3708
1770 3717
3269 112
632 844
2300 3011
4070 2183
2116 4051
1492 1984
2669 2593
4041 222
3147 2373
4991 4680
1350 4342
2550 1203
3481 953
3273 4183
3046 4691
4191 4798
4520 3217
705 1570
1213 2147
3901 60
3699 3469
3700 3776
4908 1259
3189 4082
3648 3858
7 2586
1097 4204
4002 4974
2603 1067
4894 1497
1105 3968
1348 4983
3859 3670
473 868
1224 1632
4634 1598
3348 459
318 1785
715 2178
163 595
3030 3983
4109 3755
2629 3970
4047 2990
4436 868
3549 3787
3690 4836
2467 1634
4187 4754
2156 3376
2108 4392
443 4694
947 3954
532 1450
2624 4620
3424 4491
2295 2238
4530 1295
319 1908
2638 4318
3104 4479
3976 3172
2826 3447
3740 3054
1367 3160
1863 1426
356 1958
3361 2195
2374 2822
3228 3895
3634 3323
4657 4259
1301 1925
4103 3420
554 3487
479 2222
1049 4037
3359 22
837 1456
1961 3621
2676 1008
4597 3218
2715 1777
4854 2355
3830 4268
1121 948
5013 4930
3660 4644
4039 4232
4501 764
767 4032
3734 3939
3253 1439
4575 3532
1869 1673
4202 2528
4217 4072
4805 3966
717 517
1644 1677
779 3559
1406 4642
822 372
4612 633
3518 473
4945 1785
3599 3844
3352 2243
1527 607
3201 3332
1915 1173
4391 620
3709 2263
3490 4043
2549 3155
2869 1739
1326 1911
3431 4067
3340 795
3037 121
100 4428
445 2289
2106 4886
4479 2247
1550 4320
4480 1957
1327 1285
1157 1890
3833 4977
1117 1799
40 2138
603 1857
4140 2181
2317 1234
2200 1120
396 4376
37 1156
3806 3703
3812 2142
4540 4591
4761 4977
2223 3105
2391 4232
4459 1167
2602 1000
469 409
2033 4367
4462 1898
141 3138
901 4664
3583 2733
2444 3358
4205 3828
4229 596
2414 4199
4801 4460
3342 1515
4179 2064
2514 4308
2345 2934
2215 4037
4912 3415
1722 2494
1878 1868
232 639
3745 3753
3823 4754
1066 1222
596 4915
1127 4084
572 3983
4670 2323
155 5012
2482 1863
2261 502
2598 912
224 1038
3975 686
870 3171
3423 4231
728 403
3894 4975
4955 3400
778 615
1102 2166
994 4750
2641 4161
2465 3048
4910 1696
731 3342
2501 3716
4355 2681
4358 876
1095 1723
3891 1053
2928 4248
3089 907
943 4102
4889 4747
1138 949
2557 3619
1418 4222
1577 699
543 4142
1486 866
4166 2152
3000 79
2722 1407
3042 3394
1785 2121
3320 3259
2996 4803
2900 1185
1064 3676
2705 250
4564 188
1268 512
1101 1461
496 163
1366 2669
3217 127
4848 827
2474 3393
3406 1292
3713 1157
3215 135
885 2104
693 4751
2807 410
2687 4913
2837 1232
4532 4381
58 1802
3573 4706
740 1102
2052 2191
3140 4387
3741 3805
985 2792
61 1244
4334 2426
3772 2183
3203 2499
1995 23
1532 1535
4902 73
1383 3593
491 3043
2523 1398
3522 3573
3472 423
3905 4973
2694 4141
3483 2429
4753 1298
1935 3656
5000 3816
1636 1907
4438 4994
3540 663
4252 835
3092 1214
384 3775
863 2078
3623 245
738 3880
2255 5008
1052 969
485 4292
4492 1427
246 2081
3414 2009
3511 1760
3615 4604
2532 307
181 658
2305 4987
3602 3709
3143 4074
3255 2480
3055 4060
1530 1710
233 2772
1753 3403
889 5005
2162 4888
524 2232
3174 3983
4525 545
2855 3216
4935 3037
830 4421
3437 4983
834 1847
1617 2310
4903 2453
987 807
1590 1447
369 983
3693 805
1551 2464
4116 2276
241 1401
2209 174
3441 1925
4007 3363
1114 2553
305 4803
2966 4607
1981 2778
1054 653
1575 2444
4080 1775
4872 3355
2990 364
3509 3517
3074 1310
2670 3289
3622 1176
1195 2312
2756 1777
2090 3590
1857 3332
1536 361
2423 2379
2114 2941
2043 4689
4678 14
3181 1180
3337 3983
4853 1535
3114 2198
2176 3656
1672 175
3880 981
2025 3932
3002 437
314 2438
133 1969
4661 3921
1047 3
4754 3337
526 4222
993 1298
1474 507
1999 1787
1209 4715
4151 4392
376 409
4602 1823
1428 68
1197 4561
4798 2580
1180 3618
462 3871
2272 493
378 142
1841 2330
1567 4379
681 3549
1455 3140
3535 2
1765 2568
1529 5007
2280 323
3771 4600
4749 2724
581 968
1548 4914
4762 1785
4255 54
4420 2620
2709 4095
1398 105
258 3352
933 3103
1254 1013
4893 210
2852 492
1482 3031
3937 3172
2415 155
135 4002
4240 1838
656 4892
2681 3906
4803 2871
4689 1601
406 3890
3810 4739
1738 2400
1067 2459
2588 2338
2882 1857
431 2493
3310 3367
893 2837
25 28
1092 3607
1357 2485
4539 1004
2086 1965
450 2369
1891 4464
2946 2986
2217 1907
4815 946
2071 1143
4563 3117
1100 4262
70 4681
1470 1815
4917 1927
3831 1134
222 1935
3102 3844
2104 4521
3532 1232
2350 1289
458 3523
1119 2135
2553 4694
3118 2860
2608 1869
4437 4184
3077 283
4779 2696
3767 3361
2780 2478
875 1855
2950 3243
4655 1463
4748 2745
4344 682
1388 358
1686 1267
3537 466
3029 1196
4944 3620
1068 1530
3990 611
1290 4259
3187 5012
386 4286
4301 2133
758 3390
1977 801
4645 2279
393 4665
11 1605
2284 509
2019 1711
978 3724
812 467
2989 4670
2452 4875
3356 3527
2559 2594
3314 4994
254 2230
206 4148
3478 1341
1634 3308
4639 639
829 65
121 4071
561 1176
4120 1401
2759 3809
139 837
99 3775
3759 4197
4509 723
634 2055
3190 2051
4064 198
1918 1879
626 2486
3681 1762
3321 3922
4841 1131
4434 3611
968 65
4292 4323
3326 4647
925 4029
4251 949
4948 2299
154 4115
1667 3255
3385 1765
3152 2645
4013 1207
3464 4631
1712 3866
3753 3885
4517 4711
1184 3134
1050 772
388 2914
614 2302
664 1835
4133 2627
1059 4344
597 2011
1533 3339
1645 3172
3625 1624
3009 4012
192 2155
1417 4728
343 4983
365 2526
3101 4225
3233 4254
4490 3024
2915 1290
1477 4367
89 120
1791 3267
1128 3564
4747 2907
2011 4983
4233 2075
3150 1156
2308 4396
4735 3779
2563 1097
4571 1899
4632 3148
3265 4983
2982 3716
2725 2902
521 2962
1867 3415
2787 2963
1875 1669
1628 3578
4226 519
3765 1711
2626 112
1232 4731
2795 1164
984 1866
1287 4421
1740 3297
560 2416
2538 4864
4152 4555
3400 3885
793 3957
2860 532
4956 3923
940 2853
1764 2691
3720 301
1942 2998
2717 1206
2143 2654
332 1158
4411 138
4782 4151
387 1466
1952 2663
3526 4067
873 3701
2251 1337
357 2246
750 4936
571 1414
770 3169
3308 1127
55 986
3519 3335
4716 2127
2750 3267
1508 631
3388 2493
976 2036
4827 1673
2004 2998
2902 2624
2377 4754
860 965
3070 4421
855 2219
4025 182
1346 4977
3918 3381
2661 2222
2496 120
1756 1698
748 3549
4471 1789
2358 1634
3139 1879
4694 2014
98 1995
2723 4385
4647 442
2594 844
4698 1957
2520 3690
4543 2558
404 4234
4181 2572
2526 4832
4275 1918
223 3267
4237 2653
3183 830
1060 2089
2468 4390
3985 2438
3243 459
2700 2155
3004 105
4820 655
48 2735
4067 3647
551 2911
700 4752
3136 787
3366 238
2191 3680
1379 4034
3650 2683
4271 1673
2917 4661
194 654
1515 2686
4828 115
4371 3960
4579 2854
1737 3404
3461 3521
1449 902
3429 2686
4376 3513
4953 4998
1210 138
3448 3030
655 744
3402 551
143 64
1819 2071
545 3498
4266 352
345 3805
1719 2383
3988 1408
1928 765
2604 3274
1329 3503
2699 3138
3149 651
2243 3831
975 4956
1090 4317
1701 2589
3158 4161
518 31
4048 482
1363 750
2038 3958
2721 4837
2856 2501
1169 1401
2955 12
2666 3446
3095 3853
2838 4851
464 4059
1858 2250
2696 4525
2171 819
4074 1405
4654 1667
2124 789
4550 4560
3597 908
2994 432
4542 526
2394 3245
1724 544
50 1116
4777 1484
1460 269
3969 1346
4213 3922
646 1093
2659 190
3630 3631
585 3009
2242 103
3242 1869
1193 953
1901 1526
1677 257
4057 1918
2440 1192
4783 2191
3505 5012
3897 271
1250 2330
3756 3193
4721 1485
2707 1762
1021 1755
3973 1524
2062 1031
72 3746
670 2489
420 4471
59 1078
2918 1645
1236 988
2102 3058
2651 3175
3096 369
3252 1276
1982 743
4449 3871
2967 4323
3313 2734
3572 3566
2159 4528
3866 3584
1409 1645
3967 4750
3943 2499
3097 2528
4259 2934
1919 185
2226 2241
361 1196
2908 349
3642 2547
3766 3404
1970 1900
368 3990
4308 749
2929 1427
3868 3030
1898 3134
520 3270
471 3776
4394 4801
489 3823
3236 4539
3419 2290
724 4503
2798 2752
4032 3202
1185 3303
1238 1606
2187 3220
2118 3463
2307 3829
4185 1284
3631 4526
3052 2723
199 2620
4852 1233
1890 889
3014 3133
4016 1867
4256 4873
1554 1225
3581 3800
1735 4631
1780 1028
3651 692
2134 577
1046 1364
820 1259
619 3954
592 2987
3486 1598
2773 1136
3091 492
4989 600
1234 4412
945 1938
3531 4158
4077 349
1558 4589
622 4471
2016 1905
4794 142
1257 1738
2567 4277
1716 1217
783 123
3224 4311
4940 3815
290 4031
1736 2768
125 3905
4668 3928
1803 500
4672 378
540 503
1603 1468
4621 3304
638 4641
145 1039
2282 2644
1842 2661
4366 4862
3554 891
4688 1769
1332 442
3263 3395
4423 3159
3328 4164
568 637
3628 3614
1521 3937
1371 4072
4061 4357
389 1189
1298 4066
1900 2934
2018 3464
1331 1548
4895 3373
4433 1196
1666 4933
3712 3986
1957 3621
3506 4170
3835 2598
3591 2800
1729 3433
275 3673
4198 646
1541 4963
833 1229
2466 4925
2457 138
4186 3617
821 2291
4485 3923
4856 1800
3754 3732
347 1952
4669 1264
2155 1607
3427 2622
2719 4306
3684 2018
806 4150
723 1343
4126 166
4710 5015
1120 4137
2781 3678
1643 4298
1429 3091
3875 4896
4481 4749
73 927
2388 1424
3133 4955
3768 3930
4357 4395
4866 4762
4950 2258
4451 2778
4245 1514
1962 711
1887 3377
4906 4641
4915 4563
3858 3097
4362 1935
2348 3983
1390 1685
4615 1985
3565 2337
385 2320
1343 1721
3546 2279
3297 3278
2072 2473
3475 4603
221 1892
2148 4677
2606 218
641 4453
2907 2516
659 602
4622 4785
3731 2158
4707 3593
1893 1160
3802 4765
650 3302
1868 49
1870 2794
4203 1888
2708 1095
967 2343
1526 3532
3380 184
4957 260
4877 2945
710 3917
2241 373
2877 3313
209 829
4413 2
1828 1835
4289 2480
2959 27
2182 2408
231 2145
4690 3827
2821 848
2268 3743
2611 3455
789 587
1862 4702
4992 898
225 2304
4210 897
3560 2546
4758 1091
2364 1636
1789 485
760 4717
1312 889
2365 782
2258 1614
856 3174
4715 64
564 1263
4518 3548
2362 1245
2188 3142
4874 3605
2464 1413
4787 867
1616 3178
2338 3542
654 2873
416 2483
2524 4946
3325 1232
4004 4047
2256 925
68 4634
1227 3415
4132 2506
1743 1882
3456 2019
4978 3385
2617 865
556 2965
5015 1401
282 1093
4559 2155
1967 4074
965 309
2612 513
4999 4687
906 3332
4653 3039
743 1733
54 3852
3093 4115
4071 507
3949 4383
2653 1189
2689 2473
3329 781
4671 1301
3732 792
3247 2139
1161 2861
570 3128
2585 848
3687 1069
4467 346
1145 3497
2139 658
1218 1367
4232 5014
1126 610
2370 2865
4180 1248
1518 2369
3629 3810
360 596
131 1267
815 1161
1289 328
1732 2147
3065 94
3578 319
721 164
522 3591
4601 4356
4182 4848
4300 756
2224 4641
2674 485
2755 2781
505 2024
3779 3903
4581 1148
3715 387
249 3339
531 3870
374 1987
4905 1010
6 543
1022 1745
1692 1397
1861 2599
3349 1820
2291 3393
1489 2178
1615 3913
3548 4574
348 2994
2562 1199
1337 1233
3298 1298
928 2169
685 4828
313 2442
4566 90
4454 2390
3593 2358
590 1121
4600 2055
2542 3848
1324 4392
733 3077
3530 1570
2221 2968
2165 4449
2409 1624
4880 4222
766 182
4919 2598
160 3775
938 1143
4737 4905
4680 4408
101 4117
574 3390
1721 1695
4402 743
3211 561
3940 4632
1182 4375
3965 4117
4799 822
730 3949
3939 827
3902 1911
2031 1493
2864 1528
1986 3338
1573 347
1620 2832
3196 1035
2789 1082
1864 3916
4897 2122
3933 3174
2964 2263
1078 3169
1177 1602
2027 2093
3783 3255
2158 252
534 2527
4473 3882
1892 3136
2463 1060
3200 1014
1912 1967
4110 101
866 3039
104 1340
2570 3059
2517 3775
610 282
3574 4001
3569 1453
3116 1981
4290 3827
298 2524
1369 2388
3567 3894
3078 305
911 4204
1571 1546
2502 3303
4574 1371
1152 2432
1176 2469
847 3527
835 1097
931 1669
4258 465
1188 2833
722 3381
3970 399
4006 701
1325 3006
3191 734
4508 2715
4125 2459
3533 1069
4316 3091
4382 906
4387 1504
3763 2337
1423 3355
2157 2232
126 2583
460 4829
2005 3255
2615 1652
3012 705
3425 3629
4538 4426
1800 4766
1431 4257
4201 3283
3586 3547
4836 3766
2581 1363
4620 4440
3058 1479
294 1542
1173 2833
2649 611
1913 4877
4936 2480
1922 2200
3286 2711
501 1778
1136 3260
75 1693
4421 2528
1702 3992
2153 1779
85 1693
2028 1504
882 1439
4332 1150
3401 2960
2965 2564
3080 3313
4548 3082
3220 1753
3613 639
1586 605
924 3879
548 2751
4475 2434
330 3077
1687 27
3803 1207
3579 1197
550 5005
739 2395
45 2834
3153 2222
3955 4065
2428 3707
3968 3395
992 469
842 2057
1320 2564
1938 2408
4584 83
1221 816
2820 4333
4982 2584
2109 3079
2053 163
3157 200
4393 3123
3476 4166
3808 575
1547 1280
4845 4151
1233 1544
2943 277
2771 4589
2812 4646
3515 1996
3911 2461
3234 2104
405 1091
1344 1698
4076 1902
4329 2450
1056 805
1481 1553
3556 4557
4636 1638
1534 3856
2667 2484
4272 1879
2429 366
4899 1113
4514 2227
1208 2617
3697 2989
2706 949
1299 197
1458 4197
3529 3634
2378 2793
507 3928
4938 1319
1051 2514
1731 1196
2726 203
1779 3193
3770 3520
2543 848
4626 213
300 4485
1216 2819
1150 442
4981 4417
927 742
3777 3878
3307 2730
4115 3955
4407 1888
2367 148
1405 2327
1446 4855
4404 1512
3011 1190
4246 3583
3668 4577
2339 3411
892 1308
960 210
4034 1137
4458 2155
3146 4930
3159 4715
3789 3191
635 3322
2786 2765
9 3063
1008 1794
2328 4530
4946 3893
1955 1552
1015 2129
1146 3922
4318 662
1359 4211
2336 3384
185 2343
2806 2853
2686 749
4242 4931
645 1557
804 816
3245 326
4086 3886
3312 188
2590 1386
1096 4339
3482 1071
2490 1561
762 3494
4792 2900
1453 4871
3115 1866
4659 2871
1596 4394
4759 3043
3846 4032
4105 4019
2769 3367
3930 3046
2655 4255
3026 303
751 444
3035 1397
1315 584
169 3212
2449 3185
4108 1582
3689 1463
2180 1137
563 2838
2903 2803
391 1451
3695 724
4359 1700
1639 452
1246 4358
4714 583
1392 4566
174 3939
3319 4648
3193 2194
1579 2249
4138 4025
1742 4460
350 283
1041 266
1445 292
2772 1761
3285 2536
3497 3718
4952 3385
2949 2944
1921 1751
2473 3212
4269 4063
201 3314
1491 2047
575 5005
2120 1120
1906 4002
148 1032
818 1605
2931 3104
628 3511
4637 2749
2835 2675
2435 2309
3847 3710
4719 264
167 1647
4725 4828
3109 355
2082 66
4156 1209
274 4189
3664 1276
2352 2181
486 908
2042 2540
4123 1945
4535 3580
256 4840
3459 328
433 1775
353 3410
4552 4940
2740 4500
3113 4574
4524 3917
4829 3440
2790 1810
355 865
4078 3312
4966 1452
2775 4807
774 4461
2531 4234
3117 4218
1468 1561
2936 2763
1356 638
2702 3332
1362 4201
3258 1190
1319 4265
4247 2373
3922 908
3434 222
2551 4120
1420 4835
836 3569
3034 2410
3588 1790
2664 4719
1745 3504
3031 976
2729 370
3885 3476
2250 2517
380 3683
621 2325
4157 3823
3477 4918
2808 4537
3999 809
4388 1985
3604 809
2373 2366
1696 1295
2904 4389
1523 4617
4249 3816
814 1855
5014 4392
4278 2152
1342 4772
788 4537
2037 3339
4667 3840
819 1398
2479 4359
4248 1053
2032 1566
4871 2365
4766 3627
4312 47
3122 2113
1663 976
4015 1848
3344 4091
4964 3497
2083 4526
3111 4657
363 2994
912 2757
698 3690
3927 1838
1920 1606
2461 1513
1711 743
4824 758
1585 3232
3119 1603
2138 1498
1260 2276
2066 904
2068 1115
2858 4634
273 1168
1307 1457
1174 2601
1133 3970
3021 4462
3883 1654
1602 67
359 2612
3966 1524
2515 2337
4625 461
3186 339
2443 1517
4005 2668
2495 2686
4873 4562
2922 3871
4345 486
3452 2751
3168 3094
271 4931
285 2679
1796 3986
4113 3491
4346 3559
797 1041
1125 1551
5 1656
4381 3823
2456 4600
2045 3429
1832 1551
4816 666
2232 2540
1108 1218
2657 404
1076 2406
2347 4171
3749 1193
3821 4176
2368 1935
291 3054
108 807
1309 533
1535 3260
916 3815
3895 1957
4963 4497
3635 1457
4708 4898
3776 1058
4239 1137
4500 1119
2973 3323
247 4433
1726 1316
4452 3441
4199 1155
4023 1827
1163 33
2631 4314
3161 155
519 2828
4137 517
4998 4717
2912 3643
435 4860
3327 1744
1469 830
1804 4217
1926 2628
4325 4472
3550 3133
718 2114
4648 3811
3474 1011
2141 3270
850 1584
4439 1346
3495 2964
3391 3499
2055 317
3698 1044
4397 1678
1959 4263
2888 4672
4846 859
463 4983
4817 2235
39 1780
4971 2717
1933 756
959 4145
2591 315
2827 734
2199 4731
2584 3590
1311 1387
2000 4754
2254 1360
4322 4489
2389 2541
2397 3342
2228 387
2616 4685
134 2572
2185 3998
1895 1188
2819 4472
1637 4172
4931 2472
508 334
4026 3339
4561 3533
573 1777
2823 789
2044 814
3778 2516
4658 3168
4082 912
2175 3043
719 164
1259 2252
2294 433
4406 1073
2728 692
4840 1120
676 2528
787 4262
3834 3611
3020 382
3003 521
4398 366
4583 4878
3148 2769
1880 637
1408 409
4536 240
260 3864
765 2191
1917 4845
3750 717
1478 1097
2805 43
986 4043
424 4066
1338 3432
3514 3983
3085 4143
3180 1500
3368 1407
2599 982
958 3210
3103 3527
583 3091
3724 2045
2762 2837
1698 217
1373 3214
446 781
3957 368
1561 2716
4038 1639
3836 4394
304 3030
2140 2651
428 1493
2266 1199
1739 1482
3727 475
3507 1789
2408 4721
1452 573
439 4763
457 2632
746 1955
4224 2371
205 926
865 1182
3260 3402
3566 92
952 124
2862 3194
2422 2695
1568 3270
1874 2698
3675 344
4699 4612
4752 4244
615 3063
1361 4968
4928 1475
3295 3338
4356 3968
1321 2893
183 4710
2249 4949
955 4657
327 942
1723 1327
1559 2531
852 624
1969 768
4892 3024
2262 1356
4662 741
2688 168
2521 1143
5004 317
4781 1753
3874 1756
686 4964
1122 488
26 3904
3729 2790
1132 470
3958 3939
3381 2508
1855 2997
2619 3335
3981 1544
1683 2861
3094 572
2796 309
2 4224
3618 4875
3317 4521
678 128
3781 3632
2349 3210
4832 994
752 1892
1004 1734
4073 943
3592 924
1987 4882
3176 177
4789 3601
3090 505
5002 2723
4020 1146
1063 2234
3033 3103
2770 1284
506 3198
2643 1135
452 1564
4178 3903
28 4749
3369 1791
3198 2211
2748 4514
4763 3121
995 2377
1375 3592
4610 4742
3912 4435
1251 4709
3487 1889
2115 1725
567 1907
1412 236
4560 3169
2566 37
2491 615
2986 3485
2925 3921
1370 52
763 2224
3857 1052
3439 1302
2506 4992
969 3023
354 2989
3087 3427
4627 3737
2287 2764
248 3826
4114 1731
4207 3915
2573 40
1341 2303
4360 3097
2906 3504
3923 4236
493 2312
2343 1682
4253 1085
4244 539
2271 3389
2972 4685
238 3850
816 926
3235 54
3686 4824
2658 4057
2065 4095
497 3883
854 2258
2525 942
780 2218
4065 3180
1269 3104
2210 911
2518 4900
553 4977
1813 2252
4283 2112
1516 4111
2799 4904
1640 1994
3925 3638
2357 1674
954 2049
2050 4601
637 3977
1925 3652
4392 1302
2344 604
1438 756
65 2763
150 3779
2742 4971
2932 4057
1751 3265
3270 1656
578 3814
2058 3188
2311 1206
3408 2890
1786 1453
265 2761
2732 1287
1734 284
2941 4117
2854 2864
1263 1733
673 2983
4441 3361
381 1150
2636 2493
4920 1934
1580 1289
2239 2440
1635 3158
4588 1337
2459 1866
2310 2497
3107 288
3665 2380
2695 3514
1364 3733
3667 90
4097 3902
161 1683
1435 1290
3206 2131
3383 2116
4284 3403
702 45
2472 3880
2091 1314
805 1322
1853 3525
3608 4158
3170 1053
4426 3619
2360 849
106 1962
4868 4852
4976 2615
966 4328
3900 2094
4660 519
2264 320
663 2984
4192 125
1627 4047
1865 1351
4764 211
2398 1203
195 1966
2475 1533
4788 4325
3237 3323
861 2542
147 1494
2844 242
3177 4234
4197 1180
4773 417
2424 3269
1280 62
4060 1582
2776 2643
2753 3286
2183 3742
112 3295
1019 3078
3607 2806
2673 2683
197 2583
1313 515
2146 1719
4294 1264
1316 3874
4089 1694
4965 3400
4223 2235
1934 1837
4996 3534
2105 2845
2881 2761
4448 4896
3903 3059
4767 1002
1123 4375
1522 4762
4837 4641
4158 3105
608 4447
3884 3562
483 3816
1031 1623
1413 4269
3151 3884
175 1401
4628 4955
1401 486
4673 427
644 434
2048 4733
494 2732
1039 2988
1137 3598
3018 2258
3935 1341
3863 2827
953 4141
848 1578
3718 1146
1457 1115
1247 4742
2851 2606
4383 2039
448 3640
1237 4813
281 2736
4644 3858
3908 528
2883 2681
4083 2630
1945 2432
3185 1611
2085 1535
3595 474
3525 4975
4916 3903
394 2568
3410 844
1960 1468
1079 2761
4195 4181
2281 3157
189 3508
184 166
1629 1092
3820 433
2536 1552
4582 4458
1713 3400
4839 568
1062 315
3164 2477
4675 4726
4876 2385
1972 3134
4230 1669
2579 2469
82 5
1081 4213
3259 1835
1396 1474
44 3710
1517 1606
4595 1158
3762 421
21 3292
3671 1401
3416 3161
87 3332
4609 1107
1648 2924
4887 3456
4972 2999
3516 105
1528 493
4012 1653
2427 4266
1576 1883
2564 1200
4055 814
2125 4047
127 4977
3807 3805
4287 4393
78 3004
19 2090
2181 3690
2766 2331
252 3036
24 3278
3447 2166
651 3357
1728 2956
2640 1104
3473 2944
4537 4392
1147 3974
922 2373
3440 3355
2910 2933
3303 3377
2774 1689
736 1625
4215 2607
2945 2567
2324 117
4631 1816
3195 3928
2916 4546
2662 3115
3673 3041
2216 1984
43 3471
629 574
3207 2237
2960 228
4331 4497
2488 2370
832 916
4136 646
809 105
2697 4277
4838 3878
3128 1347
2205 4238
3304 4957
287 443
4847 4069
3587 191
823 2502
4486 1777
4969 4147
1848 3168
3620 721
244 330
4757 3407
2002 1182
3624 1426
4823 4480
657 3720
810 3990
92 2090
237 706
3134 2934
8 2472
1557 1196
1670 242
2292 422
2768 2827
1436 1393
2049 916
3792 3393
888 3811
2067 681
1505 3909
490 100
4010 3511
3936 1310
336 3332
362 745
3387 2057
839 3945
3521 1324
1574 1918
2516 1398
776 2224
4613 2577
403 218
173 698
1569 4168
4361 2276
1266 1805
3374 4975
1773 4204
279 2497
3738 964
370 3536
963 1831
1483 3355
3893 989
3214 2927
3172 4721
1911 210
268 2698
2385 872
4814 1364
4353 4313
4365 3204
3433 4738
3197 2343
4456 3749
2569 2045
661 2033
1231 25
3979 2292
302 4877
1476 72
3714 553
2316 908
3301 898
3485 180
1225 3321
3283 113
1215 1188
881 470
1278 3415
1812 4521
2761 4204
3682 2550
640 1804
105 2108
1839 3882
2784 3302
1897 2516
312 4848
1646 1843
1650 1743
2393 1452
2335 2364
942 3848
2247 4967
642 4476
3676 3662
1850 2122
2039 4238
3775 2871
4604 1882
697 1967
3460 3487
3856 3259
4313 4159
3864 2550
4043 317
57 4437
773 4407
88 1481
1098 4170
2128 2807
2656 1043
3405 3533
2783 2011
1678 1457
1355 4230
890 857
3398 2845
4732 3977
3964 1870
2794 2055
2813 563
3081 3
648 1316
1805 3509
2507 3644
3561 2461
3330 1750
4844 4424
3752 604
2492 2966
4941 4722
1200 3468
288 4426
3510 2926
2991 29
747 3471
3453 1514
1028 22
3801 1122
1087 2511
4494 4835
4261 1623
4510 1215
4553 4166
1306 1636
1493 999
4756 2119
4546 2626
801 2528
3562 4049
1111 4397
3110 793
2665 3030
3145 3216
2059 2298
4062 1919
1322 514
202 12
675 4858
3951 3406
909 2984
2277 587
1107 3672
2096 1326
1164 785
425 3851
116 4868
3743 3061
190 3040
2801 753
4709 2941
1192 4339
2386 840
429 4737
2642 2367
1831 1414
2923 4447
1797 1743
2035 2259
3984 266
4040 4565
4377 326
4311 284
2703 724
1223 4579
2898 3436
2987 3619
4623 1285
1205 3859
3552 2243
3179 3112
936 3601
769 3452
503 840
4629 2138
395 82
4270 4077
166 4711
3357 273
729 3521
349 4737
3828 4731
3598 1989
4395 547
1168 2658
4570 4249
4565 3381
2785 3031
2279 3710
3067 2885
4813 2181
3378 1933
2529 1568
2150 4360
539 2985
3932 4754
2077 1363
3643 1765
1399 3071
4293 4788
4372 4184
3610 1691
2509 4798
2026 2778
1885 691
4282 2876
3293 3761
3053 3802
2126 880
2330 4936
1001 3357
1825 3253
707 2694
2119 4715
2331 452
1252 4037
66 3497
4049 1677
4028 3005
444 199
2366 2807
913 728
845 1929
2635 4425
311 684
1720 2266
4317 4657
3048 3179
3747 999
1265 4835
857 3368
4333 3742
1519 2252
1664 4304
407 2054
2832 3061
4483 538
218 1623
1151 4735
3112 5011
1386 4412
1784 1179
1572 4954
351 1235
3454 721
220 135
3240 3507
727 756
2741 2986
1601 4730
3701 4856
110 4325
124 2464
4592 3271
130 3097
4341 586
2149 2356
1285 4141
1830 2217
3840 4877
18 2228
1801 2326
1543 3451
3420 743
1490 4347
1500 3858
600 1945
1894 907
1540 3595
1612 3524
2829 3023
3551 4301
3704 2190
2678 846
2381 3062
1768 252
49 3140
1424 1600
1693 221
3044 315
2530 2645
4835 1643
2840 1564
1809 898
74 2191
4851 1156
2513 3768
1032 4470
3616 1519
4810 2364
541 3939
3853 749
434 1300
2975 384
4640 3314
1304 1270
2129 3186
2306 392
415 3092
1179 4621
547 3688
3827 2329
3444 3439
589 3051
12 271
4262 357
2620 1461
2369 1656
2969 381
1144 1954
4484 4314
3144 3031
4932 357
2637 3339
4298 3487
1710 4202
4306 2195
419 2819
4351 260
2189 2390
2896 1434
2546 866
1335 4106
2070 1168
4802 3461
2849 2453
799 915
140 1078
3692 3590
517 4675
3998 1645
1207 3531
3717 3030
4511 2098
3166 4815
2510 4001
2392 783
1714 3541
102 4506
4842 2538
4119 2612
1351 2446
4000 4945
3952 4394
3944 213
2006 437
950 1691
1727 1455
3450 512
162 1095
4228 3694
1581 3805
3708 3421
3942 365
342 1302
1395 4896
1294 1547
3404 3665
3194 3437
329 4813
4617 1258
1971 4579
3331 1795
4176 3216
2288 1568
1688 467
972 2547
1544 2900
4330 3591
3024 4900
1771 1910
2711 3352
4254 3655
1204 3107
4864 2480
2478 2113
337 1108
2693 4255
504 1401
3192 2683
677 1725
4045 1164
3339 2131
4222 1235
714 600
1297 2521
1077 2041
3917 157
536 1654
4425 4508
1284 4657
4106 1919
1976 513
2477 3380
236 3523
639 572
680 2289
4591 579
3721 3332
4665 805
3165 4076
4863 2684
1415 3061
2610 3366
618 4431
1202 1958
4830 3703
4386 4309
2170 398
3204 1172
3982 4942
3256 2990
3458 3050
2097 1857
2380 2860
607 188
2555 1884
1860 125
2847 924
1242 2813
3302 4222
4572 2312
4172 4639
2618 3859
34 2655
2758 1359
4770 2452
2453 805
2060 1345
4970 1875
1673 701
295 1827
3963 2636
3879 3172
3716 4308
2088 3133
203 4305
2992 4760
4861 4304
4478 2070
397 4863
4177 126
786 4491
605 2589
2736 1290
2942 1765
1747 2434
665 4014
713 2451
1253 2842
2600 367
3619 3450
4692 4866
872 4215
2404 3129
323 4960
3351 3037
3959 3930
4650 1519
695 2345
2213 1445
624 2554
3160 3077
198 2232
1531 1596
1565 2809
1631 4807
737 3718
1965 1687
2671 1820
2498 4989
3467 2312
1239 819
1061 3260
2447 3152
2999 3368
2597 1797
3842 2724
253 4954
3600 3115
1681 2440
3496 1351
3123 802
4200 1224
4018 2717
4557 409
171 981
4128 4796
2203 2553
3019 2624
2811 2948
2485 2325
4580 2687
4997 2259
3038 3607
4150 3562
472 2874
3711 3528
1073 518
3167 4898
1171 1523
4281 4794
2253 2746
926 4804
2471 332
1593 1022
3008 1950
803 3934
3601 25
3641 3054
4031 2320
2940 3954
1007 1144
255 4754
4728 1290
2152 4082
3324 2121
459 2184
616 3890
1199 3322
1113 4860
3227 2527
1256 62
2371 394
2878 2851
2836 782
1358 2515
2309 3289
4607 567
1440 3581
3231 1167
47 3779
3162 3611
2486 3844
948 111
990 2513
1 426
4162 4951
4958 823
3524 705
2735 1363
2240 3279
3541 1679
1653 4840
283 2602
421 3590
3986 3728
3614 3882
4818 3695
1467 217
3839 2783
1248 2400
900 4913
4703 2241
627 504
3470 2278
1888 1553
4288 4138
2601 2788
3568 3207
1479 3194
2924 986
226 4936
10 4138
4960 1929
2961 1251
3910 3785
970 3809
4145 269
3436 252
4347 1708
204 1966
3281 2155
3633 4158
529 2829
4947 3039
4884 3933
790 1082
2196 451
2401 260
1704 3860
1690 51
1899 729
1814 749
4225 4514
1882 1693
2320 3813
3663 2047
1286 2903
280 4760
1623 3151
3850 3814
5012 3425
883 1240
1978 3607
3589 4024
1143 2544
3907 1733
3384 993
3997 1071
4554 1653
1626 1915
2718 1662
3785 2683
2872 3055
1854 1548
269 4187
2983 1557
4427 3143
4825 3719
4468 150
2552 2801
1084 1454
3358 4844
3051 3447
1391 213
3005 3342
4250 2448
3585 3858
