4006
1001 2 3 4 5 6 7 8 9 10 11 12 13 14 15 16 17 18 19 20 21 22 23 24 25 26 27 28 29 30 31 32 33 34 35 36 37 38 39 40 41 42 43 44 45 46 47 48 49 50 51 52 53 54 55 56 57 58 59 60 61 62 63 64 65 66 67 68 69 70 71 72 73 74 75 76 77 78 79 80 81 82 83 84 85 86 87 88 89 90 91 92 93 94 95 96 97 98 99 100 101 102 103 104 105 106 107 108 109 110 111 112 113 114 115 116 117 118 119 120 121 122 123 124 125 126 127 128 129 130 131 132 133 134 135 136 137 138 139 140 141 142 143 144 145 146 147 148 149 150 151 152 153 154 155 156 157 158 159 160 161 162 163 164 165 166 167 168 169 170 171 172 173 174 175 176 177 178 179 180 181 182 183 184 185 186 187 188 189 190 191 192 193 194 195 196 197 198 199 200 201 202 203 204 205 206 207 208 209 210 211 212 213 214 215 216 217 218 219 220 221 222 223 224 225 226 227 228 229 230 231 232 233 234 235 236 237 238 239 240 241 242 243 244 245 246 247 248 249 250 251 252 253 254 255 256 257 258 259 260 261 262 263 264 265 266 267 268 269 270 271 272 273 274 275 276 277 278 279 280 281 282 283 284 285 286 287 288 289 290 291 292 293 294 295 296 297 298 299 300 301 302 303 304 305 306 307 308 309 310 311 312 313 314 315 316 317 318 319 320 321 322 323 324 325 326 327 328 329 330 331 332 333 334 335 336 337 338 339 340 341 342 343 344 345 346 347 348 349 350 351 352 353 354 355 356 357 358 359 360 361 362 363 364 365 366 367 368 369 370 371 372 373 374 375 376 377 378 379 380 381 382 383 384 385 386 387 388 389 390 391 392 393 394 395 396 397 398 399 400 401 402 403 404 405 406 407 408 409 410 411 412 413 414 415 416 417 418 419 420 421 422 423 424 425 426 427 428 429 430 431 432 433 434 435 436 437 438 439 440 441 442 443 444 445 446 447 448 449 450 451 452 453 454 455 456 457 458 459 460 461 462 463 464 465 466 467 468 469 470 471 472 473 474 475 476 477 478 479 480 481 482 483 484 485 486 487 488 489 490 491 492 493 494 495 496 497 498 499 500 501 502 503 504 505 506 507 508 509 510 511 512 513 514 515 516 517 518 519 520 521 522 523 524 525 526 527 528 529 530 531 532 533 534 535 536 537 538 539 540 541 542 543 544 545 546 547 548 549 550 551 552 553 554 555 556 557 558 559 560 561 562 563 564 565 566 567 568 569 570 571 572 573 574 575 576 577 578 579 580 581 582 583 584 585 586 587 588 589 590 591 592 593 594 595 596 597 598 599 600 601 602 603 604 605 606 607 608 609 610 611 612 613 614 615 616 617 618 619 620 621 622 623 624 625 626 627 628 629 630 631 632 633 634 635 636 637 638 639 640 641 642 643 644 645 646 647 648 649 650 651 652 653 654 655 656 657 658 659 660 661 662 663 664 665 666 667 668 669 670 671 672 673 674 675 676 677 678 679 680 681 682 683 684 685 686 687 688 689 690 691 692 693 694 695 696 697 698 699 700 701 702 703 704 705 706 707 708 709 710 711 712 713 714 715 716 717 718 719 720 721 722 723 724 725 726 727 728 729 730 731 732 733 734 735 736 737 738 739 740 741 742 743 744 745 746 747 748 749 750 751 752 753 754 755 756 757 758 759 760 761 762 763 764 765 766 767 768 769 770 771 772 773 774 775 776 777 778 779 780 781 782 783 784 785 786 787 788 789 790 791 792 793 794 795 796 797 798 799 800 801 802 803 804 805 806 807 808 809 810 811 812 813 814 815 816 817 818 819 820 821 822 823 824 825 826 827 828 829 830 831 832 833 834 835 836 837 838 839 840 841 842 843 844 845 846 847 848 849 850 851 852 853 854 855 856 857 858 859 860 861 862 863 864 865 866 867 868 869 870 871 872 873 874 875 876 877 878 879 880 881 882 883 884 885 886 887 888 889 890 891 892 893 894 895 896 897 898 899 900 901 902 903 904 905 906 907 908 909 910 911 912 913 914 915 916 917 918 919 920 921 922 923 924 925 926 927 928 929 930 931 932 933 934 935 936 937 938 939 940 941 942 943 944 945 946 947 948 949 950 951 952 953 954 955 956 957 958 959 960 961 962 963 964 965 966 967 968 969 970 971 972 973 974 975 976 977 978 979 980 981 982 983 984 985 986 987 988 989 990 991 992 993 994 995 996 997 998 999 1000 1001 1002
3 1003 2005 3
2 1004 4
2 1005 5
2 1006 6
2 1007 7
2 1008 8
2 1009 9
2 1010 10
2 1011 11
2 1012 12
2 1013 13
2 1014 14
2 1015 15
2 1016 16
2 1017 17
2 1018 18
2 1019 19
2 1020 20
2 1021 21
2 1022 22
2 1023 23
2 1024 24
2 1025 25
2 1026 26
2 1027 27
2 1028 28
2 1029 29
2 1030 30
2 1031 31
2 1032 32
2 1033 33
2 1034 34
2 1035 35
2 1036 36
2 1037 37
2 1038 38
2 1039 39
2 1040 40
2 1041 41
2 1042 42
2 1043 43
2 1044 44
2 1045 45
2 1046 46
2 1047 47
2 1048 48
2 1049 49
2 1050 50
2 1051 51
2 1052 52
2 1053 53
2 1054 54
2 1055 55
2 1056 56
2 1057 57
2 1058 58
2 1059 59
2 1060 60
2 1061 61
2 1062 62
2 1063 63
2 1064 64
2 1065 65
2 1066 66
2 1067 67
2 1068 68
2 1069 69
2 1070 70
2 1071 71
2 1072 72
2 1073 73
2 1074 74
2 1075 75
2 1076 76
2 1077 77
2 1078 78
2 1079 79
2 1080 80
2 1081 81
2 1082 82
2 1083 83
2 1084 84
2 1085 85
2 1086 86
2 1087 87
2 1088 88
2 1089 89
2 1090 90
2 1091 91
2 1092 92
2 1093 93
2 1094 94
2 1095 95
2 1096 96
2 1097 97
2 1098 98
2 1099 99
2 1100 100
2 1101 101
2 1102 102
2 1103 103
2 1104 104
2 1105 105
2 1106 106
2 1107 107
2 1108 108
2 1109 109
2 1110 110
2 1111 111
2 1112 112
2 1113 113
2 1114 114
2 1115 115
2 1116 116
2 1117 117
2 1118 118
2 1119 119
2 1120 120
2 1121 121
2 1122 122
2 1123 123
2 1124 124
2 1125 125
2 1126 126
2 1127 127
2 1128 128
2 1129 129
2 1130 130
2 1131 131
2 1132 132
2 1133 133
2 1134 134
2 1135 135
2 1136 136
2 1137 137
2 1138 138
2 1139 139
2 1140 140
2 1141 141
2 1142 142
2 1143 143
2 1144 144
2 1145 145
2 1146 146
2 1147 147
2 1148 148
2 1149 149
2 1150 150
2 1151 151
2 1152 152
2 1153 153
2 1154 154
2 1155 155
2 1156 156
2 1157 157
2 1158 158
2 1159 159
2 1160 160
2 1161 161
2 1162 162
2 1163 163
2 1164 164
2 1165 165
2 1166 166
2 1167 167
2 1168 168
2 1169 169
2 1170 170
2 1171 171
2 1172 172
2 1173 173
2 1174 174
2 1175 175
2 1176 176
2 1177 177
2 1178 178
2 1179 179
2 1180 180
2 1181 181
2 1182 182
2 1183 183
2 1184 184
2 1185 185
2 1186 186
2 1187 187
2 1188 188
2 1189 189
2 1190 190
2 1191 191
2 1192 192
2 1193 193
2 1194 194
2 1195 195
2 1196 196
2 1197 197
2 1198 198
2 1199 199
2 1200 200
2 1201 201
2 1202 202
2 1203 203
2 1204 204
2 1205 205
2 1206 206
2 1207 207
2 1208 208
2 1209 209
2 1210 210
2 1211 211
2 1212 212
2 1213 213
2 1214 214
2 1215 215
2 1216 216
2 1217 217
2 1218 218
2 1219 219
2 1220 220
2 1221 221
2 1222 222
2 1223 223
2 1224 224
2 1225 225
2 1226 226
2 1227 227
2 1228 228
2 1229 229
2 1230 230
2 1231 231
2 1232 232
2 1233 233
2 1234 234
2 1235 235
2 1236 236
2 1237 237
2 1238 238
2 1239 239
2 1240 240
2 1241 241
2 1242 242
2 1243 243
2 1244 244
2 1245 245
2 1246 246
2 1247 247
2 1248 248
2 1249 249
2 1250 250
2 1251 251
2 1252 252
2 1253 253
2 1254 254
2 1255 255
2 1256 256
2 1257 257
2 1258 258
2 1259 259
2 1260 260
2 1261 261
2 1262 262
2 1263 263
2 1264 264
2 1265 265
2 1266 266
2 1267 267
2 1268 268
2 1269 269
2 1270 270
2 1271 271
2 1272 272
2 1273 273
2 1274 274
2 1275 275
2 1276 276
2 1277 277
2 1278 278
2 1279 279
2 1280 280
2 1281 281
2 1282 282
2 1283 283
2 1284 284
2 1285 285
2 1286 286
2 1287 287
2 1288 288
2 1289 289
2 1290 290
2 1291 291
2 1292 292
2 1293 293
2 1294 294
2 1295 295
2 1296 296
2 1297 297
2 1298 298
2 1299 299
2 1300 300
2 1301 301
2 1302 302
2 1303 303
2 1304 304
2 1305 305
2 1306 306
2 1307 307
2 1308 308
2 1309 309
2 1310 310
2 1311 311
2 1312 312
2 1313 313
2 1314 314
2 1315 315
2 1316 316
2 1317 317
2 1318 318
2 1319 319
2 1320 320
2 1321 321
2 1322 322
2 1323 323
2 1324 324
2 1325 325
2 1326 326
2 1327 327
2 1328 328
2 1329 329
2 1330 330
2 1331 331
2 1332 332
2 1333 333
2 1334 334
2 1335 335
2 1336 336
2 1337 337
2 1338 338
2 1339 339
2 1340 340
2 1341 341
2 1342 342
2 1343 343
2 1344 344
2 1345 345
2 1346 346
2 1347 347
2 1348 348
2 1349 349
2 1350 350
2 1351 351
2 1352 352
2 1353 353
2 1354 354
2 1355 355
2 1356 356
2 1357 357
2 1358 358
2 1359 359
2 1360 360
2 1361 361
2 1362 362
2 1363 363
2 1364 364
2 1365 365
2 1366 366
2 1367 367
2 1368 368
2 1369 369
2 1370 370
2 1371 371
2 1372 372
2 1373 373
2 1374 374
2 1375 375
2 1376 376
2 1377 377
2 1378 378
2 1379 379
2 1380 380
2 1381 381
2 1382 382
2 1383 383
2 1384 384
2 1385 385
2 1386 386
2 1387 387
2 1388 388
2 1389 389
2 1390 390
2 1391 391
2 1392 392
2 1393 393
2 1394 394
2 1395 395
2 1396 396
2 1397 397
2 1398 398
2 1399 399
2 1400 400
2 1401 401
2 1402 402
2 1403 403
2 1404 404
2 1405 405
2 1406 406
2 1407 407
2 1408 408
2 1409 409
2 1410 410
2 1411 411
2 1412 412
2 1413 413
2 1414 414
2 1415 415
2 1416 416
2 1417 417
2 1418 418
2 1419 419
2 1420 420
2 1421 421
2 1422 422
2 1423 423
2 1424 424
2 1425 425
2 1426 426
2 1427 427
2 1428 428
2 1429 429
2 1430 430
2 1431 431
2 1432 432
2 1433 433
2 1434 434
2 1435 435
2 1436 436
2 1437 437
2 1438 438
2 1439 439
2 1440 440
2 1441 441
2 1442 442
2 1443 443
2 1444 444
2 1445 445
2 1446 446
2 1447 447
2 1448 448
2 1449 449
2 1450 450
2 1451 451
2 1452 452
2 1453 453
2 1454 454
2 1455 455
2 1456 456
2 1457 457
2 1458 458
2 1459 459
2 1460 460
2 1461 461
2 1462 462
2 1463 463
2 1464 464
2 1465 465
2 1466 466
2 1467 467
2 1468 468
2 1469 469
2 1470 470
2 1471 471
2 1472 472
2 1473 473
2 1474 474
2 1475 475
2 1476 476
2 1477 477
2 1478 478
2 1479 479
2 1480 480
2 1481 481
2 1482 482
2 1483 483
2 1484 484
2 1485 485
2 1486 486
2 1487 487
2 1488 488
2 1489 489
2 1490 490
2 1491 491
2 1492 492
2 1493 493
2 1494 494
2 1495 495
2 1496 496
2 1497 497
2 1498 498
2 1499 499
2 1500 500
2 1501 501
2 1502 502
1 1503
2 502 1504
2 503 1505
2 504 1506
2 505 1507
2 506 1508
2 507 1509
2 508 1510
2 509 1511
2 510 1512
2 511 1513
2 512 1514
2 513 1515
2 514 1516
2 515 1517
2 516 1518
2 517 1519
2 518 1520
2 519 1521
2 520 1522
2 521 1523
2 522 1524
2 523 1525
2 524 1526
2 525 1527
2 526 1528
2 527 1529
2 528 1530
2 529 1531
2 530 1532
2 531 1533
2 532 1534
2 533 1535
2 534 1536
2 535 1537
2 536 1538
2 537 1539
2 538 1540
2 539 1541
2 540 1542
2 541 1543
2 542 1544
2 543 1545
2 544 1546
2 545 1547
2 546 1548
2 547 1549
2 548 1550
2 549 1551
2 550 1552
2 551 1553
2 552 1554
2 553 1555
2 554 1556
2 555 1557
2 556 1558
2 557 1559
2 558 1560
2 559 1561
2 560 1562
2 561 1563
2 562 1564
2 563 1565
2 564 1566
2 565 1567
2 566 1568
2 567 1569
2 568 1570
2 569 1571
2 570 1572
2 571 1573
2 572 1574
2 573 1575
2 574 1576
2 575 1577
2 576 1578
2 577 1579
2 578 1580
2 579 1581
2 580 1582
2 581 1583
2 582 1584
2 583 1585
2 584 1586
2 585 1587
2 586 1588
2 587 1589
2 588 1590
2 589 1591
2 590 1592
2 591 1593
2 592 1594
2 593 1595
2 594 1596
2 595 1597
2 596 1598
2 597 1599
2 598 1600
2 599 1601
2 600 1602
2 601 1603
2 602 1604
2 603 1605
2 604 1606
2 605 1607
2 606 1608
2 607 1609
2 608 1610
2 609 1611
2 610 1612
2 611 1613
2 612 1614
2 613 1615
2 614 1616
2 615 1617
2 616 1618
2 617 1619
2 618 1620
2 619 1621
2 620 1622
2 621 1623
2 622 1624
2 623 1625
2 624 1626
2 625 1627
2 626 1628
2 627 1629
2 628 1630
2 629 1631
2 630 1632
2 631 1633
2 632 1634
2 633 1635
2 634 1636
2 635 1637
2 636 1638
2 637 1639
2 638 1640
2 639 1641
2 640 1642
2 641 1643
2 642 1644
2 643 1645
2 644 1646
2 645 1647
2 646 1648
2 647 1649
2 648 1650
2 649 1651
2 650 1652
2 651 1653
2 652 1654
2 653 1655
2 654 1656
2 655 1657
2 656 1658
2 657 1659
2 658 1660
2 659 1661
2 660 1662
2 661 1663
2 662 1664
2 663 1665
2 664 1666
2 665 1667
2 666 1668
2 667 1669
2 668 1670
2 669 1671
2 670 1672
2 671 1673
2 672 1674
2 673 1675
2 674 1676
2 675 1677
2 676 1678
2 677 1679
2 678 1680
2 679 1681
2 680 1682
2 681 1683
2 682 1684
2 683 1685
2 684 1686
2 685 1687
2 686 1688
2 687 1689
2 688 1690
2 689 1691
2 690 1692
2 691 1693
2 692 1694
2 693 1695
2 694 1696
2 695 1697
2 696 1698
2 697 1699
2 698 1700
2 699 1701
2 700 1702
2 701 1703
2 702 1704
2 703 1705
2 704 1706
2 705 1707
2 706 1708
2 707 1709
2 708 1710
2 709 1711
2 710 1712
2 711 1713
2 712 1714
2 713 1715
2 714 1716
2 715 1717
2 716 1718
2 717 1719
2 718 1720
2 719 1721
2 720 1722
2 721 1723
2 722 1724
2 723 1725
2 724 1726
2 725 1727
2 726 1728
2 727 1729
2 728 1730
2 729 1731
2 730 1732
2 731 1733
2 732 1734
2 733 1735
2 734 1736
2 735 1737
2 736 1738
2 737 1739
2 738 1740
2 739 1741
2 740 1742
2 741 1743
2 742 1744
2 743 1745
2 744 1746
2 745 1747
2 746 1748
2 747 1749
2 748 1750
2 749 1751
2 750 1752
2 751 1753
2 752 1754
2 753 1755
2 754 1756
2 755 1757
2 756 1758
2 757 1759
2 758 1760
2 759 1761
2 760 1762
2 761 1763
2 762 1764
2 763 1765
2 764 1766
2 765 1767
2 766 1768
2 767 1769
2 768 1770
2 769 1771
2 770 1772
2 771 1773
2 772 1774
2 773 1775
2 774 1776
2 775 1777
2 776 1778
2 777 1779
2 778 1780
2 779 1781
2 780 1782
2 781 1783
2 782 1784
2 783 1785
2 784 1786
2 785 1787
2 786 1788
2 787 1789
2 788 1790
2 789 1791
2 790 1792
2 791 1793
2 792 1794
2 793 1795
2 794 1796
2 795 1797
2 796 1798
2 797 1799
2 798 1800
2 799 1801
2 800 1802
2 801 1803
2 802 1804
2 803 1805
2 804 1806
2 805 1807
2 806 1808
2 807 1809
2 808 1810
2 809 1811
2 810 1812
2 811 1813
2 812 1814
2 813 1815
2 814 1816
2 815 1817
2 816 1818
2 817 1819
2 818 1820
2 819 1821
2 820 1822
2 821 1823
2 822 1824
2 823 1825
2 824 1826
2 825 1827
2 826 1828
2 827 1829
2 828 1830
2 829 1831
2 830 1832
2 831 1833
2 832 1834
2 833 1835
2 834 1836
2 835 1837
2 836 1838
2 837 1839
2 838 1840
2 839 1841
2 840 1842
2 841 1843
2 842 1844
2 843 1845
2 844 1846
2 845 1847
2 846 1848
2 847 1849
2 848 1850
2 849 1851
2 850 1852
2 851 1853
2 852 1854
2 853 1855
2 854 1856
2 855 1857
2 856 1858
2 857 1859
2 858 1860
2 859 1861
2 860 1862
2 861 1863
2 862 1864
2 863 1865
2 864 1866
2 865 1867
2 866 1868
2 867 1869
2 868 1870
2 869 1871
2 870 1872
2 871 1873
2 872 1874
2 873 1875
2 874 1876
2 875 1877
2 876 1878
2 877 1879
2 878 1880
2 879 1881
2 880 1882
2 881 1883
2 882 1884
2 883 1885
2 884 1886
2 885 1887
2 886 1888
2 887 1889
2 888 1890
2 889 1891
2 890 1892
2 891 1893
2 892 1894
2 893 1895
2 894 1896
2 895 1897
2 896 1898
2 897 1899
2 898 1900
2 899 1901
2 900 1902
2 901 1903
2 902 1904
2 903 1905
2 904 1906
2 905 1907
2 906 1908
2 907 1909
2 908 1910
2 909 1911
2 910 1912
2 911 1913
2 912 1914
2 913 1915
2 914 1916
2 915 1917
2 916 1918
2 917 1919
2 918 1920
2 919 1921
2 920 1922
2 921 1923
2 922 1924
2 923 1925
2 924 1926
2 925 1927
2 926 1928
2 927 1929
2 928 1930
2 929 1931
2 930 1932
2 931 1933
2 932 1934
2 933 1935
2 934 1936
2 935 1937
2 936 1938
2 937 1939
2 938 1940
2 939 1941
2 940 1942
2 941 1943
2 942 1944
2 943 1945
2 944 1946
2 945 1947
2 946 1948
2 947 1949
2 948 1950
2 949 1951
2 950 1952
2 951 1953
2 952 1954
2 953 1955
2 954 1956
2 955 1957
2 956 1958
2 957 1959
2 958 1960
2 959 1961
2 960 1962
2 961 1963
2 962 1964
2 963 1965
2 964 1966
2 965 1967
2 966 1968
2 967 1969
2 968 1970
2 969 1971
2 970 1972
2 971 1973
2 972 1974
2 973 1975
2 974 1976
2 975 1977
2 976 1978
2 977 1979
2 978 1980
2 979 1981
2 980 1982
2 981 1983
2 982 1984
2 983 1985
2 984 1986
2 985 1987
2 986 1988
2 987 1989
2 988 1990
2 989 1991
2 990 1992
2 991 1993
2 992 1994
2 993 1995
2 994 1996
2 995 1997
2 996 1998
2 997 1999
2 998 2000
2 999 2001
2 1000 2002
2 1001 2003
1 2004
1 2005
2 1004 2006
2 1005 2007
2 1006 2008
2 1007 2009
2 1008 2010
2 1009 2011
2 1010 2012
2 1011 2013
2 1012 2014
2 1013 2015
2 1014 2016
2 1015 2017
2 1016 2018
2 1017 2019
2 1018 2020
2 1019 2021
2 1020 2022
2 1021 2023
2 1022 2024
2 1023 2025
2 1024 2026
2 1025 2027
2 1026 2028
2 1027 2029
2 1028 2030
2 1029 2031
2 1030 2032
2 1031 2033
2 1032 2034
2 1033 2035
2 1034 2036
2 1035 2037
2 1036 2038
2 1037 2039
2 1038 2040
2 1039 2041
2 1040 2042
2 1041 2043
2 1042 2044
2 1043 2045
2 1044 2046
2 1045 2047
2 1046 2048
2 1047 2049
2 1048 2050
2 1049 2051
2 1050 2052
2 1051 2053
2 1052 2054
2 1053 2055
2 1054 2056
2 1055 2057
2 1056 2058
2 1057 2059
2 1058 2060
2 1059 2061
2 1060 2062
2 1061 2063
2 1062 2064
2 1063 2065
2 1064 2066
2 1065 2067
2 1066 2068
2 1067 2069
2 1068 2070
2 1069 2071
2 1070 2072
2 1071 2073
2 1072 2074
2 1073 2075
2 1074 2076
2 1075 2077
2 1076 2078
2 1077 2079
2 1078 2080
2 1079 2081
2 1080 2082
2 1081 2083
2 1082 2084
2 1083 2085
2 1084 2086
2 1085 2087
2 1086 2088
2 1087 2089
2 1088 2090
2 1089 2091
2 1090 2092
2 1091 2093
2 1092 2094
2 1093 2095
2 1094 2096
2 1095 2097
2 1096 2098
2 1097 2099
2 1098 2100
2 1099 2101
2 1100 2102
2 1101 2103
2 1102 2104
2 1103 2105
2 1104 2106
2 1105 2107
2 1106 2108
2 1107 2109
2 1108 2110
2 1109 2111
2 1110 2112
2 1111 2113
2 1112 2114
2 1113 2115
2 1114 2116
2 1115 2117
2 1116 2118
2 1117 2119
2 1118 2120
2 1119 2121
2 1120 2122
2 1121 2123
2 1122 2124
2 1123 2125
2 1124 2126
2 1125 2127
2 1126 2128
2 1127 2129
2 1128 2130
2 1129 2131
2 1130 2132
2 1131 2133
2 1132 2134
2 1133 2135
2 1134 2136
2 1135 2137
2 1136 2138
2 1137 2139
2 1138 2140
2 1139 2141
2 1140 2142
2 1141 2143
2 1142 2144
2 1143 2145
2 1144 2146
2 1145 2147
2 1146 2148
2 1147 2149
2 1148 2150
2 1149 2151
2 1150 2152
2 1151 2153
2 1152 2154
2 1153 2155
2 1154 2156
2 1155 2157
2 1156 2158
2 1157 2159
2 1158 2160
2 1159 2161
2 1160 2162
2 1161 2163
2 1162 2164
2 1163 2165
2 1164 2166
2 1165 2167
2 1166 2168
2 1167 2169
2 1168 2170
2 1169 2171
2 1170 2172
2 1171 2173
2 1172 2174
2 1173 2175
2 1174 2176
2 1175 2177
2 1176 2178
2 1177 2179
2 1178 2180
2 1179 2181
2 1180 2182
2 1181 2183
2 1182 2184
2 1183 2185
2 1184 2186
2 1185 2187
2 1186 2188
2 1187 2189
2 1188 2190
2 1189 2191
2 1190 2192
2 1191 2193
2 1192 2194
2 1193 2195
2 1194 2196
2 1195 2197
2 1196 2198
2 1197 2199
2 1198 2200
2 1199 2201
2 1200 2202
2 1201 2203
2 1202 2204
2 1203 2205
2 1204 2206
2 1205 2207
2 1206 2208
2 1207 2209
2 1208 2210
2 1209 2211
2 1210 2212
2 1211 2213
2 1212 2214
2 1213 2215
2 1214 2216
2 1215 2217
2 1216 2218
2 1217 2219
2 1218 2220
2 1219 2221
2 1220 2222
2 1221 2223
2 1222 2224
2 1223 2225
2 1224 2226
2 1225 2227
2 1226 2228
2 1227 2229
2 1228 2230
2 1229 2231
2 1230 2232
2 1231 2233
2 1232 2234
2 1233 2235
2 1234 2236
2 1235 2237
2 1236 2238
2 1237 2239
2 1238 2240
2 1239 2241
2 1240 2242
2 1241 2243
2 1242 2244
2 1243 2245
2 1244 2246
2 1245 2247
2 1246 2248
2 1247 2249
2 1248 2250
2 1249 2251
2 1250 2252
2 1251 2253
2 1252 2254
2 1253 2255
2 1254 2256
2 1255 2257
2 1256 2258
2 1257 2259
2 1258 2260
2 1259 2261
2 1260 2262
2 1261 2263
2 1262 2264
2 1263 2265
2 1264 2266
2 1265 2267
2 1266 2268
2 1267 2269
2 1268 2270
2 1269 2271
2 1270 2272
2 1271 2273
2 1272 2274
2 1273 2275
2 1274 2276
2 1275 2277
2 1276 2278
2 1277 2279
2 1278 2280
2 1279 2281
2 1280 2282
2 1281 2283
2 1282 2284
2 1283 2285
2 1284 2286
2 1285 2287
2 1286 2288
2 1287 2289
2 1288 2290
2 1289 2291
2 1290 2292
2 1291 2293
2 1292 2294
2 1293 2295
2 1294 2296
2 1295 2297
2 1296 2298
2 1297 2299
2 1298 2300
2 1299 2301
2 1300 2302
2 1301 2303
2 1302 2304
2 1303 2305
2 1304 2306
2 1305 2307
2 1306 2308
2 1307 2309
2 1308 2310
2 1309 2311
2 1310 2312
2 1311 2313
2 1312 2314
2 1313 2315
2 1314 2316
2 1315 2317
2 1316 2318
2 1317 2319
2 1318 2320
2 1319 2321
2 1320 2322
2 1321 2323
2 1322 2324
2 1323 2325
2 1324 2326
2 1325 2327
2 1326 2328
2 1327 2329
2 1328 2330
2 1329 2331
2 1330 2332
2 1331 2333
2 1332 2334
2 1333 2335
2 1334 2336
2 1335 2337
2 1336 2338
2 1337 2339
2 1338 2340
2 1339 2341
2 1340 2342
2 1341 2343
2 1342 2344
2 1343 2345
2 1344 2346
2 1345 2347
2 1346 2348
2 1347 2349
2 1348 2350
2 1349 2351
2 1350 2352
2 1351 2353
2 1352 2354
2 1353 2355
2 1354 2356
2 1355 2357
2 1356 2358
2 1357 2359
2 1358 2360
2 1359 2361
2 1360 2362
2 1361 2363
2 1362 2364
2 1363 2365
2 1364 2366
2 1365 2367
2 1366 2368
2 1367 2369
2 1368 2370
2 1369 2371
2 1370 2372
2 1371 2373
2 1372 2374
2 1373 2375
2 1374 2376
2 1375 2377
2 1376 2378
2 1377 2379
2 1378 2380
2 1379 2381
2 1380 2382
2 1381 2383
2 1382 2384
2 1383 2385
2 1384 2386
2 1385 2387
2 1386 2388
2 1387 2389
2 1388 2390
2 1389 2391
2 1390 2392
2 1391 2393
2 1392 2394
2 1393 2395
2 1394 2396
2 1395 2397
2 1396 2398
2 1397 2399
2 1398 2400
2 1399 2401
2 1400 2402
2 1401 2403
2 1402 2404
2 1403 2405
2 1404 2406
2 1405 2407
2 1406 2408
2 1407 2409
2 1408 2410
2 1409 2411
2 1410 2412
2 1411 2413
2 1412 2414
2 1413 2415
2 1414 2416
2 1415 2417
2 1416 2418
2 1417 2419
2 1418 2420
2 1419 2421
2 1420 2422
2 1421 2423
2 1422 2424
2 1423 2425
2 1424 2426
2 1425 2427
2 1426 2428
2 1427 2429
2 1428 2430
2 1429 2431
2 1430 2432
2 1431 2433
2 1432 2434
2 1433 2435
2 1434 2436
2 1435 2437
2 1436 2438
2 1437 2439
2 1438 2440
2 1439 2441
2 1440 2442
2 1441 2443
2 1442 2444
2 1443 2445
2 1444 2446
2 1445 2447
2 1446 2448
2 1447 2449
2 1448 2450
2 1449 2451
2 1450 2452
2 1451 2453
2 1452 2454
2 1453 2455
2 1454 2456
2 1455 2457
2 1456 2458
2 1457 2459
2 1458 2460
2 1459 2461
2 1460 2462
2 1461 2463
2 1462 2464
2 1463 2465
2 1464 2466
2 1465 2467
2 1466 2468
2 1467 2469
2 1468 2470
2 1469 2471
2 1470 2472
2 1471 2473
2 1472 2474
2 1473 2475
2 1474 2476
2 1475 2477
2 1476 2478
2 1477 2479
2 1478 2480
2 1479 2481
2 1480 2482
2 1481 2483
2 1482 2484
2 1483 2485
2 1484 2486
2 1485 2487
2 1486 2488
2 1487 2489
2 1488 2490
2 1489 2491
2 1490 2492
2 1491 2493
2 1492 2494
2 1493 2495
2 1494 2496
2 1495 2497
2 1496 2498
2 1497 2499
2 1498 2500
2 1499 2501
2 1500 2502
2 1501 2503
1 2504
2 2505 1505
2 2506 1506
2 2507 1507
2 2508 1508
2 2509 1509
2 2510 1510
2 2511 1511
2 2512 1512
2 2513 1513
2 2514 1514
2 2515 1515
2 2516 1516
2 2517 1517
2 2518 1518
2 2519 1519
2 2520 1520
2 2521 1521
2 2522 1522
2 2523 1523
2 2524 1524
2 2525 1525
2 2526 1526
2 2527 1527
2 2528 1528
2 2529 1529
2 2530 1530
2 2531 1531
2 2532 1532
2 2533 1533
2 2534 1534
2 2535 1535
2 2536 1536
2 2537 1537
2 2538 1538
2 2539 1539
2 2540 1540
2 2541 1541
2 2542 1542
2 2543 1543
2 2544 1544
2 2545 1545
2 2546 1546
2 2547 1547
2 2548 1548
2 2549 1549
2 2550 1550
2 2551 1551
2 2552 1552
2 2553 1553
2 2554 1554
2 2555 1555
2 2556 1556
2 2557 1557
2 2558 1558
2 2559 1559
2 2560 1560
2 2561 1561
2 2562 1562
2 2563 1563
2 2564 1564
2 2565 1565
2 2566 1566
2 2567 1567
2 2568 1568
2 2569 1569
2 2570 1570
2 2571 1571
2 2572 1572
2 2573 1573
2 2574 1574
2 2575 1575
2 2576 1576
2 2577 1577
2 2578 1578
2 2579 1579
2 2580 1580
2 2581 1581
2 2582 1582
2 2583 1583
2 2584 1584
2 2585 1585
2 2586 1586
2 2587 1587
2 2588 1588
2 2589 1589
2 2590 1590
2 2591 1591
2 2592 1592
2 2593 1593
2 2594 1594
2 2595 1595
2 2596 1596
2 2597 1597
2 2598 1598
2 2599 1599
2 2600 1600
2 2601 1601
2 2602 1602
2 2603 1603
2 2604 1604
2 2605 1605
2 2606 1606
2 2607 1607
2 2608 1608
2 2609 1609
2 2610 1610
2 2611 1611
2 2612 1612
2 2613 1613
2 2614 1614
2 2615 1615
2 2616 1616
2 2617 1617
2 2618 1618
2 2619 1619
2 2620 1620
2 2621 1621
2 2622 1622
2 2623 1623
2 2624 1624
2 2625 1625
2 2626 1626
2 2627 1627
2 2628 1628
2 2629 1629
2 2630 1630
2 2631 1631
2 2632 1632
2 2633 1633
2 2634 1634
2 2635 1635
2 2636 1636
2 2637 1637
2 2638 1638
2 2639 1639
2 2640 1640
2 2641 1641
2 2642 1642
2 2643 1643
2 2644 1644
2 2645 1645
2 2646 1646
2 2647 1647
2 2648 1648
2 2649 1649
2 2650 1650
2 2651 1651
2 2652 1652
2 2653 1653
2 2654 1654
2 2655 1655
2 2656 1656
2 2657 1657
2 2658 1658
2 2659 1659
2 2660 1660
2 2661 1661
2 2662 1662
2 2663 1663
2 2664 1664
2 2665 1665
2 2666 1666
2 2667 1667
2 2668 1668
2 2669 1669
2 2670 1670
2 2671 1671
2 2672 1672
2 2673 1673
2 2674 1674
2 2675 1675
2 2676 1676
2 2677 1677
2 2678 1678
2 2679 1679
2 2680 1680
2 2681 1681
2 2682 1682
2 2683 1683
2 2684 1684
2 2685 1685
2 2686 1686
2 2687 1687
2 2688 1688
2 2689 1689
2 2690 1690
2 2691 1691
2 2692 1692
2 2693 1693
2 2694 1694
2 2695 1695
2 2696 1696
2 2697 1697
2 2698 1698
2 2699 1699
2 2700 1700
2 2701 1701
2 2702 1702
2 2703 1703
2 2704 1704
2 2705 1705
2 2706 1706
2 2707 1707
2 2708 1708
2 2709 1709
2 2710 1710
2 2711 1711
2 2712 1712
2 2713 1713
2 2714 1714
2 2715 1715
2 2716 1716
2 2717 1717
2 2718 1718
2 2719 1719
2 2720 1720
2 2721 1721
2 2722 1722
2 2723 1723
2 2724 1724
2 2725 1725
2 2726 1726
2 2727 1727
2 2728 1728
2 2729 1729
2 2730 1730
2 2731 1731
2 2732 1732
2 2733 1733
2 2734 1734
2 2735 1735
2 2736 1736
2 2737 1737
2 2738 1738
2 2739 1739
2 2740 1740
2 2741 1741
2 2742 1742
2 2743 1743
2 2744 1744
2 2745 1745
2 2746 1746
2 2747 1747
2 2748 1748
2 2749 1749
2 2750 1750
2 2751 1751
2 2752 1752
2 2753 1753
2 2754 1754
2 2755 1755
2 2756 1756
2 2757 1757
2 2758 1758
2 2759 1759
2 2760 1760
2 2761 1761
2 2762 1762
2 2763 1763
2 2764 1764
2 2765 1765
2 2766 1766
2 2767 1767
2 2768 1768
2 2769 1769
2 2770 1770
2 2771 1771
2 2772 1772
2 2773 1773
2 2774 1774
2 2775 1775
2 2776 1776
2 2777 1777
2 2778 1778
2 2779 1779
2 2780 1780
2 2781 1781
2 2782 1782
2 2783 1783
2 2784 1784
2 2785 1785
2 2786 1786
2 2787 1787
2 2788 1788
2 2789 1789
2 2790 1790
2 2791 1791
2 2792 1792
2 2793 1793
2 2794 1794
2 2795 1795
2 2796 1796
2 2797 1797
2 2798 1798
2 2799 1799
2 2800 1800
2 2801 1801
2 2802 1802
2 2803 1803
2 2804 1804
2 2805 1805
2 2806 1806
2 2807 1807
2 2808 1808
2 2809 1809
2 2810 1810
2 2811 1811
2 2812 1812
2 2813 1813
2 2814 1814
2 2815 1815
2 2816 1816
2 2817 1817
2 2818 1818
2 2819 1819
2 2820 1820
2 2821 1821
2 2822 1822
2 2823 1823
2 2824 1824
2 2825 1825
2 2826 1826
2 2827 1827
2 2828 1828
2 2829 1829
2 2830 1830
2 2831 1831
2 2832 1832
2 2833 1833
2 2834 1834
2 2835 1835
2 2836 1836
2 2837 1837
2 2838 1838
2 2839 1839
2 2840 1840
2 2841 1841
2 2842 1842
2 2843 1843
2 2844 1844
2 2845 1845
2 2846 1846
2 2847 1847
2 2848 1848
2 2849 1849
2 2850 1850
2 2851 1851
2 2852 1852
2 2853 1853
2 2854 1854
2 2855 1855
2 2856 1856
2 2857 1857
2 2858 1858
2 2859 1859
2 2860 1860
2 2861 1861
2 2862 1862
2 2863 1863
2 2864 1864
2 2865 1865
2 2866 1866
2 2867 1867
2 2868 1868
2 2869 1869
2 2870 1870
2 2871 1871
2 2872 1872
2 2873 1873
2 2874 1874
2 2875 1875
2 2876 1876
2 2877 1877
2 2878 1878
2 2879 1879
2 2880 1880
2 2881 1881
2 2882 1882
2 2883 1883
2 2884 1884
2 2885 1885
2 2886 1886
2 2887 1887
2 2888 1888
2 2889 1889
2 2890 1890
2 2891 1891
2 2892 1892
2 2893 1893
2 2894 1894
2 2895 1895
2 2896 1896
2 2897 1897
2 2898 1898
2 2899 1899
2 2900 1900
2 2901 1901
2 2902 1902
2 2903 1903
2 2904 1904
2 2905 1905
2 2906 1906
2 2907 1907
2 2908 1908
2 2909 1909
2 2910 1910
2 2911 1911
2 2912 1912
2 2913 1913
2 2914 1914
2 2915 1915
2 2916 1916
2 2917 1917
2 2918 1918
2 2919 1919
2 2920 1920
2 2921 1921
2 2922 1922
2 2923 1923
2 2924 1924
2 2925 1925
2 2926 1926
2 2927 1927
2 2928 1928
2 2929 1929
2 2930 1930
2 2931 1931
2 2932 1932
2 2933 1933
2 2934 1934
2 2935 1935
2 2936 1936
2 2937 1937
2 2938 1938
2 2939 1939
2 2940 1940
2 2941 1941
2 2942 1942
2 2943 1943
2 2944 1944
2 2945 1945
2 2946 1946
2 2947 1947
2 2948 1948
2 2949 1949
2 2950 1950
2 2951 1951
2 2952 1952
2 2953 1953
2 2954 1954
2 2955 1955
2 2956 1956
2 2957 1957
2 2958 1958
2 2959 1959
2 2960 1960
2 2961 1961
2 2962 1962
2 2963 1963
2 2964 1964
2 2965 1965
2 2966 1966
2 2967 1967
2 2968 1968
2 2969 1969
2 2970 1970
2 2971 1971
2 2972 1972
2 2973 1973
2 2974 1974
2 2975 1975
2 2976 1976
2 2977 1977
2 2978 1978
2 2979 1979
2 2980 1980
2 2981 1981
2 2982 1982
2 2983 1983
2 2984 1984
2 2985 1985
2 2986 1986
2 2987 1987
2 2988 1988
2 2989 1989
2 2990 1990
2 2991 1991
2 2992 1992
2 2993 1993
2 2994 1994
2 2995 1995
2 2996 1996
2 2997 1997
2 2998 1998
2 2999 1999
2 3000 2000
2 3001 2001
2 3002 2002
2 3003 2003
1 3004
2 3005 2005
2 3006 2006
2 3007 2007
2 3008 2008
2 3009 2009
2 3010 2010
2 3011 2011
2 3012 2012
2 3013 2013
2 3014 2014
2 3015 2015
2 3016 2016
2 3017 2017
2 3018 2018
2 3019 2019
2 3020 2020
2 3021 2021
2 3022 2022
2 3023 2023
2 3024 2024
2 3025 2025
2 3026 2026
2 3027 2027
2 3028 2028
2 3029 2029
2 3030 2030
2 3031 2031
2 3032 2032
2 3033 2033
2 3034 2034
2 3035 2035
2 3036 2036
2 3037 2037
2 3038 2038
2 3039 2039
2 3040 2040
2 3041 2041
2 3042 2042
2 3043 2043
2 3044 2044
2 3045 2045
2 3046 2046
2 3047 2047
2 3048 2048
2 3049 2049
2 3050 2050
2 3051 2051
2 3052 2052
2 3053 2053
2 3054 2054
2 3055 2055
2 3056 2056
2 3057 2057
2 3058 2058
2 3059 2059
2 3060 2060
2 3061 2061
2 3062 2062
2 3063 2063
2 3064 2064
2 3065 2065
2 3066 2066
2 3067 2067
2 3068 2068
2 3069 2069
2 3070 2070
2 3071 2071
2 3072 2072
2 3073 2073
2 3074 2074
2 3075 2075
2 3076 2076
2 3077 2077
2 3078 2078
2 3079 2079
2 3080 2080
2 3081 2081
2 3082 2082
2 3083 2083
2 3084 2084
2 3085 2085
2 3086 2086
2 3087 2087
2 3088 2088
2 3089 2089
2 3090 2090
2 3091 2091
2 3092 2092
2 3093 2093
2 3094 2094
2 3095 2095
2 3096 2096
2 3097 2097
2 3098 2098
2 3099 2099
2 3100 2100
2 3101 2101
2 3102 2102
2 3103 2103
2 3104 2104
2 3105 2105
2 3106 2106
2 3107 2107
2 3108 2108
2 3109 2109
2 3110 2110
2 3111 2111
2 3112 2112
2 3113 2113
2 3114 2114
2 3115 2115
2 3116 2116
2 3117 2117
2 3118 2118
2 3119 2119
2 3120 2120
2 3121 2121
2 3122 2122
2 3123 2123
2 3124 2124
2 3125 2125
2 3126 2126
2 3127 2127
2 3128 2128
2 3129 2129
2 3130 2130
2 3131 2131
2 3132 2132
2 3133 2133
2 3134 2134
2 3135 2135
2 3136 2136
2 3137 2137
2 3138 2138
2 3139 2139
2 3140 2140
2 3141 2141
2 3142 2142
2 3143 2143
2 3144 2144
2 3145 2145
2 3146 2146
2 3147 2147
2 3148 2148
2 3149 2149
2 3150 2150
2 3151 2151
2 3152 2152
2 3153 2153
2 3154 2154
2 3155 2155
2 3156 2156
2 3157 2157
2 3158 2158
2 3159 2159
2 3160 2160
2 3161 2161
2 3162 2162
2 3163 2163
2 3164 2164
2 3165 2165
2 3166 2166
2 3167 2167
2 3168 2168
2 3169 2169
2 3170 2170
2 3171 2171
2 3172 2172
2 3173 2173
2 3174 2174
2 3175 2175
2 3176 2176
2 3177 2177
2 3178 2178
2 3179 2179
2 3180 2180
2 3181 2181
2 3182 2182
2 3183 2183
2 3184 2184
2 3185 2185
2 3186 2186
2 3187 2187
2 3188 2188
2 3189 2189
2 3190 2190
2 3191 2191
2 3192 2192
2 3193 2193
2 3194 2194
2 3195 2195
2 3196 2196
2 3197 2197
2 3198 2198
2 3199 2199
2 3200 2200
2 3201 2201
2 3202 2202
2 3203 2203
2 3204 2204
2 3205 2205
2 3206 2206
2 3207 2207
2 3208 2208
2 3209 2209
2 3210 2210
2 3211 2211
2 3212 2212
2 3213 2213
2 3214 2214
2 3215 2215
2 3216 2216
2 3217 2217
2 3218 2218
2 3219 2219
2 3220 2220
2 3221 2221
2 3222 2222
2 3223 2223
2 3224 2224
2 3225 2225
2 3226 2226
2 3227 2227
2 3228 2228
2 3229 2229
2 3230 2230
2 3231 2231
2 3232 2232
2 3233 2233
2 3234 2234
2 3235 2235
2 3236 2236
2 3237 2237
2 3238 2238
2 3239 2239
2 3240 2240
2 3241 2241
2 3242 2242
2 3243 2243
2 3244 2244
2 3245 2245
2 3246 2246
2 3247 2247
2 3248 2248
2 3249 2249
2 3250 2250
2 3251 2251
2 3252 2252
2 3253 2253
2 3254 2254
2 3255 2255
2 3256 2256
2 3257 2257
2 3258 2258
2 3259 2259
2 3260 2260
2 3261 2261
2 3262 2262
2 3263 2263
2 3264 2264
2 3265 2265
2 3266 2266
2 3267 2267
2 3268 2268
2 3269 2269
2 3270 2270
2 3271 2271
2 3272 2272
2 3273 2273
2 3274 2274
2 3275 2275
2 3276 2276
2 3277 2277
2 3278 2278
2 3279 2279
2 3280 2280
2 3281 2281
2 3282 2282
2 3283 2283
2 3284 2284
2 3285 2285
2 3286 2286
2 3287 2287
2 3288 2288
2 3289 2289
2 3290 2290
2 3291 2291
2 3292 2292
2 3293 2293
2 3294 2294
2 3295 2295
2 3296 2296
2 3297 2297
2 3298 2298
2 3299 2299
2 3300 2300
2 3301 2301
2 3302 2302
2 3303 2303
2 3304 2304
2 3305 2305
2 3306 2306
2 3307 2307
2 3308 2308
2 3309 2309
2 3310 2310
2 3311 2311
2 3312 2312
2 3313 2313
2 3314 2314
2 3315 2315
2 3316 2316
2 3317 2317
2 3318 2318
2 3319 2319
2 3320 2320
2 3321 2321
2 3322 2322
2 3323 2323
2 3324 2324
2 3325 2325
2 3326 2326
2 3327 2327
2 3328 2328
2 3329 2329
2 3330 2330
2 3331 2331
2 3332 2332
2 3333 2333
2 3334 2334
2 3335 2335
2 3336 2336
2 3337 2337
2 3338 2338
2 3339 2339
2 3340 2340
2 3341 2341
2 3342 2342
2 3343 2343
2 3344 2344
2 3345 2345
2 3346 2346
2 3347 2347
2 3348 2348
2 3349 2349
2 3350 2350
2 3351 2351
2 3352 2352
2 3353 2353
2 3354 2354
2 3355 2355
2 3356 2356
2 3357 2357
2 3358 2358
2 3359 2359
2 3360 2360
2 3361 2361
2 3362 2362
2 3363 2363
2 3364 2364
2 3365 2365
2 3366 2366
2 3367 2367
2 3368 2368
2 3369 2369
2 3370 2370
2 3371 2371
2 3372 2372
2 3373 2373
2 3374 2374
2 3375 2375
2 3376 2376
2 3377 2377
2 3378 2378
2 3379 2379
2 3380 2380
2 3381 2381
2 3382 2382
2 3383 2383
2 3384 2384
2 3385 2385
2 3386 2386
2 3387 2387
2 3388 2388
2 3389 2389
2 3390 2390
2 3391 2391
2 3392 2392
2 3393 2393
2 3394 2394
2 3395 2395
2 3396 2396
2 3397 2397
2 3398 2398
2 3399 2399
2 3400 2400
2 3401 2401
2 3402 2402
2 3403 2403
2 3404 2404
2 3405 2405
2 3406 2406
2 3407 2407
2 3408 2408
2 3409 2409
2 3410 2410
2 3411 2411
2 3412 2412
2 3413 2413
2 3414 2414
2 3415 2415
2 3416 2416
2 3417 2417
2 3418 2418
2 3419 2419
2 3420 2420
2 3421 2421
2 3422 2422
2 3423 2423
2 3424 2424
2 3425 2425
2 3426 2426
2 3427 2427
2 3428 2428
2 3429 2429
2 3430 2430
2 3431 2431
2 3432 2432
2 3433 2433
2 3434 2434
2 3435 2435
2 3436 2436
2 3437 2437
2 3438 2438
2 3439 2439
2 3440 2440
2 3441 2441
2 3442 2442
2 3443 2443
2 3444 2444
2 3445 2445
2 3446 2446
2 3447 2447
2 3448 2448
2 3449 2449
2 3450 2450
2 3451 2451
2 3452 2452
2 3453 2453
2 3454 2454
2 3455 2455
2 3456 2456
2 3457 2457
2 3458 2458
2 3459 2459
2 3460 2460
2 3461 2461
2 3462 2462
2 3463 2463
2 3464 2464
2 3465 2465
2 3466 2466
2 3467 2467
2 3468 2468
2 3469 2469
2 3470 2470
2 3471 2471
2 3472 2472
2 3473 2473
2 3474 2474
2 3475 2475
2 3476 2476
2 3477 2477
2 3478 2478
2 3479 2479
2 3480 2480
2 3481 2481
2 3482 2482
2 3483 2483
2 3484 2484
2 3485 2485
2 3486 2486
2 3487 2487
2 3488 2488
2 3489 2489
2 3490 2490
2 3491 2491
2 3492 2492
2 3493 2493
2 3494 2494
2 3495 2495
2 3496 2496
2 3497 2497
2 3498 2498
2 3499 2499
2 3500 2500
2 3501 2501
2 3502 2502
2 3503 2503
2 3504 2504
1 3505
2 2504 3506
2 2505 3507
2 2506 3508
2 2507 3509
2 2508 3510
2 2509 3511
2 2510 3512
2 2511 3513
2 2512 3514
2 2513 3515
2 2514 3516
2 2515 3517
2 2516 3518
2 2517 3519
2 2518 3520
2 2519 3521
2 2520 3522
2 2521 3523
2 2522 3524
2 2523 3525
2 2524 3526
2 2525 3527
2 2526 3528
2 2527 3529
2 2528 3530
2 2529 3531
2 2530 3532
2 2531 3533
2 2532 3534
2 2533 3535
2 2534 3536
2 2535 3537
2 2536 3538
2 2537 3539
2 2538 3540
2 2539 3541
2 2540 3542
2 2541 3543
2 2542 3544
2 2543 3545
2 2544 3546
2 2545 3547
2 2546 3548
2 2547 3549
2 2548 3550
2 2549 3551
2 2550 3552
2 2551 3553
2 2552 3554
2 2553 3555
2 2554 3556
2 2555 3557
2 2556 3558
2 2557 3559
2 2558 3560
2 2559 3561
2 2560 3562
2 2561 3563
2 2562 3564
2 2563 3565
2 2564 3566
2 2565 3567
2 2566 3568
2 2567 3569
2 2568 3570
2 2569 3571
2 2570 3572
2 2571 3573
2 2572 3574
2 2573 3575
2 2574 3576
2 2575 3577
2 2576 3578
2 2577 3579
2 2578 3580
2 2579 3581
2 2580 3582
2 2581 3583
2 2582 3584
2 2583 3585
2 2584 3586
2 2585 3587
2 2586 3588
2 2587 3589
2 2588 3590
2 2589 3591
2 2590 3592
2 2591 3593
2 2592 3594
2 2593 3595
2 2594 3596
2 2595 3597
2 2596 3598
2 2597 3599
2 2598 3600
2 2599 3601
2 2600 3602
2 2601 3603
2 2602 3604
2 2603 3605
2 2604 3606
2 2605 3607
2 2606 3608
2 2607 3609
2 2608 3610
2 2609 3611
2 2610 3612
2 2611 3613
2 2612 3614
2 2613 3615
2 2614 3616
2 2615 3617
2 2616 3618
2 2617 3619
2 2618 3620
2 2619 3621
2 2620 3622
2 2621 3623
2 2622 3624
2 2623 3625
2 2624 3626
2 2625 3627
2 2626 3628
2 2627 3629
2 2628 3630
2 2629 3631
2 2630 3632
2 2631 3633
2 2632 3634
2 2633 3635
2 2634 3636
2 2635 3637
2 2636 3638
2 2637 3639
2 2638 3640
2 2639 3641
2 2640 3642
2 2641 3643
2 2642 3644
2 2643 3645
2 2644 3646
2 2645 3647
2 2646 3648
2 2647 3649
2 2648 3650
2 2649 3651
2 2650 3652
2 2651 3653
2 2652 3654
2 2653 3655
2 2654 3656
2 2655 3657
2 2656 3658
2 2657 3659
2 2658 3660
2 2659 3661
2 2660 3662
2 2661 3663
2 2662 3664
2 2663 3665
2 2664 3666
2 2665 3667
2 2666 3668
2 2667 3669
2 2668 3670
2 2669 3671
2 2670 3672
2 2671 3673
2 2672 3674
2 2673 3675
2 2674 3676
2 2675 3677
2 2676 3678
2 2677 3679
2 2678 3680
2 2679 3681
2 2680 3682
2 2681 3683
2 2682 3684
2 2683 3685
2 2684 3686
2 2685 3687
2 2686 3688
2 2687 3689
2 2688 3690
2 2689 3691
2 2690 3692
2 2691 3693
2 2692 3694
2 2693 3695
2 2694 3696
2 2695 3697
2 2696 3698
2 2697 3699
2 2698 3700
2 2699 3701
2 2700 3702
2 2701 3703
2 2702 3704
2 2703 3705
2 2704 3706
2 2705 3707
2 2706 3708
2 2707 3709
2 2708 3710
2 2709 3711
2 2710 3712
2 2711 3713
2 2712 3714
2 2713 3715
2 2714 3716
2 2715 3717
2 2716 3718
2 2717 3719
2 2718 3720
2 2719 3721
2 2720 3722
2 2721 3723
2 2722 3724
2 2723 3725
2 2724 3726
2 2725 3727
2 2726 3728
2 2727 3729
2 2728 3730
2 2729 3731
2 2730 3732
2 2731 3733
2 2732 3734
2 2733 3735
2 2734 3736
2 2735 3737
2 2736 3738
2 2737 3739
2 2738 3740
2 2739 3741
2 2740 3742
2 2741 3743
2 2742 3744
2 2743 3745
2 2744 3746
2 2745 3747
2 2746 3748
2 2747 3749
2 2748 3750
2 2749 3751
2 2750 3752
2 2751 3753
2 2752 3754
2 2753 3755
2 2754 3756
2 2755 3757
2 2756 3758
2 2757 3759
2 2758 3760
2 2759 3761
2 2760 3762
2 2761 3763
2 2762 3764
2 2763 3765
2 2764 3766
2 2765 3767
2 2766 3768
2 2767 3769
2 2768 3770
2 2769 3771
2 2770 3772
2 2771 3773
2 2772 3774
2 2773 3775
2 2774 3776
2 2775 3777
2 2776 3778
2 2777 3779
2 2778 3780
2 2779 3781
2 2780 3782
2 2781 3783
2 2782 3784
2 2783 3785
2 2784 3786
2 2785 3787
2 2786 3788
2 2787 3789
2 2788 3790
2 2789 3791
2 2790 3792
2 2791 3793
2 2792 3794
2 2793 3795
2 2794 3796
2 2795 3797
2 2796 3798
2 2797 3799
2 2798 3800
2 2799 3801
2 2800 3802
2 2801 3803
2 2802 3804
2 2803 3805
2 2804 3806
2 2805 3807
2 2806 3808
2 2807 3809
2 2808 3810
2 2809 3811
2 2810 3812
2 2811 3813
2 2812 3814
2 2813 3815
2 2814 3816
2 2815 3817
2 2816 3818
2 2817 3819
2 2818 3820
2 2819 3821
2 2820 3822
2 2821 3823
2 2822 3824
2 2823 3825
2 2824 3826
2 2825 3827
2 2826 3828
2 2827 3829
2 2828 3830
2 2829 3831
2 2830 3832
2 2831 3833
2 2832 3834
2 2833 3835
2 2834 3836
2 2835 3837
2 2836 3838
2 2837 3839
2 2838 3840
2 2839 3841
2 2840 3842
2 2841 3843
2 2842 3844
2 2843 3845
2 2844 3846
2 2845 3847
2 2846 3848
2 2847 3849
2 2848 3850
2 2849 3851
2 2850 3852
2 2851 3853
2 2852 3854
2 2853 3855
2 2854 3856
2 2855 3857
2 2856 3858
2 2857 3859
2 2858 3860
2 2859 3861
2 2860 3862
2 2861 3863
2 2862 3864
2 2863 3865
2 2864 3866
2 2865 3867
2 2866 3868
2 2867 3869
2 2868 3870
2 2869 3871
2 2870 3872
2 2871 3873
2 2872 3874
2 2873 3875
2 2874 3876
2 2875 3877
2 2876 3878
2 2877 3879
2 2878 3880
2 2879 3881
2 2880 3882
2 2881 3883
2 2882 3884
2 2883 3885
2 2884 3886
2 2885 3887
2 2886 3888
2 2887 3889
2 2888 3890
2 2889 3891
2 2890 3892
2 2891 3893
2 2892 3894
2 2893 3895
2 2894 3896
2 2895 3897
2 2896 3898
2 2897 3899
2 2898 3900
2 2899 3901
2 2900 3902
2 2901 3903
2 2902 3904
2 2903 3905
2 2904 3906
2 2905 3907
2 2906 3908
2 2907 3909
2 2908 3910
2 2909 3911
2 2910 3912
2 2911 3913
2 2912 3914
2 2913 3915
2 2914 3916
2 2915 3917
2 2916 3918
2 2917 3919
2 2918 3920
2 2919 3921
2 2920 3922
2 2921 3923
2 2922 3924
2 2923 3925
2 2924 3926
2 2925 3927
2 2926 3928
2 2927 3929
2 2928 3930
2 2929 3931
2 2930 3932
2 2931 3933
2 2932 3934
2 2933 3935
2 2934 3936
2 2935 3937
2 2936 3938
2 2937 3939
2 2938 3940
2 2939 3941
2 2940 3942
2 2941 3943
2 2942 3944
2 2943 3945
2 2944 3946
2 2945 3947
2 2946 3948
2 2947 3949
2 2948 3950
2 2949 3951
2 2950 3952
2 2951 3953
2 2952 3954
2 2953 3955
2 2954 3956
2 2955 3957
2 2956 3958
2 2957 3959
2 2958 3960
2 2959 3961
2 2960 3962
2 2961 3963
2 2962 3964
2 2963 3965
2 2964 3966
2 2965 3967
2 2966 3968
2 2967 3969
2 2968 3970
2 2969 3971
2 2970 3972
2 2971 3973
2 2972 3974
2 2973 3975
2 2974 3976
2 2975 3977
2 2976 3978
2 2977 3979
2 2978 3980
2 2979 3981
2 2980 3982
2 2981 3983
2 2982 3984
2 2983 3985
2 2984 3986
2 2985 3987
2 2986 3988
2 2987 3989
2 2988 3990
2 2989 3991
2 2990 3992
2 2991 3993
2 2992 3994
2 2993 3995
2 2994 3996
2 2995 3997
2 2996 3998
2 2997 3999
2 2998 4000
2 2999 4001
2 3000 4002
2 3001 4003
2 3002 4004
2 3003 4005
1 4006
2 3005 4006
2 3006 4006
2 3007 4006
2 3008 4006
2 3009 4006
2 3010 4006
2 3011 4006
2 3012 4006
2 3013 4006
2 3014 4006
2 3015 4006
2 3016 4006
2 3017 4006
2 3018 4006
2 3019 4006
2 3020 4006
2 3021 4006
2 3022 4006
2 3023 4006
2 3024 4006
2 3025 4006
2 3026 4006
2 3027 4006
2 3028 4006
2 3029 4006
2 3030 4006
2 3031 4006
2 3032 4006
2 3033 4006
2 3034 4006
2 3035 4006
2 3036 4006
2 3037 4006
2 3038 4006
2 3039 4006
2 3040 4006
2 3041 4006
2 3042 4006
2 3043 4006
2 3044 4006
2 3045 4006
2 3046 4006
2 3047 4006
2 3048 4006
2 3049 4006
2 3050 4006
2 3051 4006
2 3052 4006
2 3053 4006
2 3054 4006
2 3055 4006
2 3056 4006
2 3057 4006
2 3058 4006
2 3059 4006
2 3060 4006
2 3061 4006
2 3062 4006
2 3063 4006
2 3064 4006
2 3065 4006
2 3066 4006
2 3067 4006
2 3068 4006
2 3069 4006
2 3070 4006
2 3071 4006
2 3072 4006
2 3073 4006
2 3074 4006
2 3075 4006
2 3076 4006
2 3077 4006
2 3078 4006
2 3079 4006
2 3080 4006
2 3081 4006
2 3082 4006
2 3083 4006
2 3084 4006
2 3085 4006
2 3086 4006
2 3087 4006
2 3088 4006
2 3089 4006
2 3090 4006
2 3091 4006
2 3092 4006
2 3093 4006
2 3094 4006
2 3095 4006
2 3096 4006
2 3097 4006
2 3098 4006
2 3099 4006
2 3100 4006
2 3101 4006
2 3102 4006
2 3103 4006
2 3104 4006
2 3105 4006
2 3106 4006
2 3107 4006
2 3108 4006
2 3109 4006
2 3110 4006
2 3111 4006
2 3112 4006
2 3113 4006
2 3114 4006
2 3115 4006
2 3116 4006
2 3117 4006
2 3118 4006
2 3119 4006
2 3120 4006
2 3121 4006
2 3122 4006
2 3123 4006
2 3124 4006
2 3125 4006
2 3126 4006
2 3127 4006
2 3128 4006
2 3129 4006
2 3130 4006
2 3131 4006
2 3132 4006
2 3133 4006
2 3134 4006
2 3135 4006
2 3136 4006
2 3137 4006
2 3138 4006
2 3139 4006
2 3140 4006
2 3141 4006
2 3142 4006
2 3143 4006
2 3144 4006
2 3145 4006
2 3146 4006
2 3147 4006
2 3148 4006
2 3149 4006
2 3150 4006
2 3151 4006
2 3152 4006
2 3153 4006
2 3154 4006
2 3155 4006
2 3156 4006
2 3157 4006
2 3158 4006
2 3159 4006
2 3160 4006
2 3161 4006
2 3162 4006
2 3163 4006
2 3164 4006
2 3165 4006
2 3166 4006
2 3167 4006
2 3168 4006
2 3169 4006
2 3170 4006
2 3171 4006
2 3172 4006
2 3173 4006
2 3174 4006
2 3175 4006
2 3176 4006
2 3177 4006
2 3178 4006
2 3179 4006
2 3180 4006
2 3181 4006
2 3182 4006
2 3183 4006
2 3184 4006
2 3185 4006
2 3186 4006
2 3187 4006
2 3188 4006
2 3189 4006
2 3190 4006
2 3191 4006
2 3192 4006
2 3193 4006
2 3194 4006
2 3195 4006
2 3196 4006
2 3197 4006
2 3198 4006
2 3199 4006
2 3200 4006
2 3201 4006
2 3202 4006
2 3203 4006
2 3204 4006
2 3205 4006
2 3206 4006
2 3207 4006
2 3208 4006
2 3209 4006
2 3210 4006
2 3211 4006
2 3212 4006
2 3213 4006
2 3214 4006
2 3215 4006
2 3216 4006
2 3217 4006
2 3218 4006
2 3219 4006
2 3220 4006
2 3221 4006
2 3222 4006
2 3223 4006
2 3224 4006
2 3225 4006
2 3226 4006
2 3227 4006
2 3228 4006
2 3229 4006
2 3230 4006
2 3231 4006
2 3232 4006
2 3233 4006
2 3234 4006
2 3235 4006
2 3236 4006
2 3237 4006
2 3238 4006
2 3239 4006
2 3240 4006
2 3241 4006
2 3242 4006
2 3243 4006
2 3244 4006
2 3245 4006
2 3246 4006
2 3247 4006
2 3248 4006
2 3249 4006
2 3250 4006
2 3251 4006
2 3252 4006
2 3253 4006
2 3254 4006
2 3255 4006
2 3256 4006
2 3257 4006
2 3258 4006
2 3259 4006
2 3260 4006
2 3261 4006
2 3262 4006
2 3263 4006
2 3264 4006
2 3265 4006
2 3266 4006
2 3267 4006
2 3268 4006
2 3269 4006
2 3270 4006
2 3271 4006
2 3272 4006
2 3273 4006
2 3274 4006
2 3275 4006
2 3276 4006
2 3277 4006
2 3278 4006
2 3279 4006
2 3280 4006
2 3281 4006
2 3282 4006
2 3283 4006
2 3284 4006
2 3285 4006
2 3286 4006
2 3287 4006
2 3288 4006
2 3289 4006
2 3290 4006
2 3291 4006
2 3292 4006
2 3293 4006
2 3294 4006
2 3295 4006
2 3296 4006
2 3297 4006
2 3298 4006
2 3299 4006
2 3300 4006
2 3301 4006
2 3302 4006
2 3303 4006
2 3304 4006
2 3305 4006
2 3306 4006
2 3307 4006
2 3308 4006
2 3309 4006
2 3310 4006
2 3311 4006
2 3312 4006
2 3313 4006
2 3314 4006
2 3315 4006
2 3316 4006
2 3317 4006
2 3318 4006
2 3319 4006
2 3320 4006
2 3321 4006
2 3322 4006
2 3323 4006
2 3324 4006
2 3325 4006
2 3326 4006
2 3327 4006
2 3328 4006
2 3329 4006
2 3330 4006
2 3331 4006
2 3332 4006
2 3333 4006
2 3334 4006
2 3335 4006
2 3336 4006
2 3337 4006
2 3338 4006
2 3339 4006
2 3340 4006
2 3341 4006
2 3342 4006
2 3343 4006
2 3344 4006
2 3345 4006
2 3346 4006
2 3347 4006
2 3348 4006
2 3349 4006
2 3350 4006
2 3351 4006
2 3352 4006
2 3353 4006
2 3354 4006
2 3355 4006
2 3356 4006
2 3357 4006
2 3358 4006
2 3359 4006
2 3360 4006
2 3361 4006
2 3362 4006
2 3363 4006
2 3364 4006
2 3365 4006
2 3366 4006
2 3367 4006
2 3368 4006
2 3369 4006
2 3370 4006
2 3371 4006
2 3372 4006
2 3373 4006
2 3374 4006
2 3375 4006
2 3376 4006
2 3377 4006
2 3378 4006
2 3379 4006
2 3380 4006
2 3381 4006
2 3382 4006
2 3383 4006
2 3384 4006
2 3385 4006
2 3386 4006
2 3387 4006
2 3388 4006
2 3389 4006
2 3390 4006
2 3391 4006
2 3392 4006
2 3393 4006
2 3394 4006
2 3395 4006
2 3396 4006
2 3397 4006
2 3398 4006
2 3399 4006
2 3400 4006
2 3401 4006
2 3402 4006
2 3403 4006
2 3404 4006
2 3405 4006
2 3406 4006
2 3407 4006
2 3408 4006
2 3409 4006
2 3410 4006
2 3411 4006
2 3412 4006
2 3413 4006
2 3414 4006
2 3415 4006
2 3416 4006
2 3417 4006
2 3418 4006
2 3419 4006
2 3420 4006
2 3421 4006
2 3422 4006
2 3423 4006
2 3424 4006
2 3425 4006
2 3426 4006
2 3427 4006
2 3428 4006
2 3429 4006
2 3430 4006
2 3431 4006
2 3432 4006
2 3433 4006
2 3434 4006
2 3435 4006
2 3436 4006
2 3437 4006
2 3438 4006
2 3439 4006
2 3440 4006
2 3441 4006
2 3442 4006
2 3443 4006
2 3444 4006
2 3445 4006
2 3446 4006
2 3447 4006
2 3448 4006
2 3449 4006
2 3450 4006
2 3451 4006
2 3452 4006
2 3453 4006
2 3454 4006
2 3455 4006
2 3456 4006
2 3457 4006
2 3458 4006
2 3459 4006
2 3460 4006
2 3461 4006
2 3462 4006
2 3463 4006
2 3464 4006
2 3465 4006
2 3466 4006
2 3467 4006
2 3468 4006
2 3469 4006
2 3470 4006
2 3471 4006
2 3472 4006
2 3473 4006
2 3474 4006
2 3475 4006
2 3476 4006
2 3477 4006
2 3478 4006
2 3479 4006
2 3480 4006
2 3481 4006
2 3482 4006
2 3483 4006
2 3484 4006
2 3485 4006
2 3486 4006
2 3487 4006
2 3488 4006
2 3489 4006
2 3490 4006
2 3491 4006
2 3492 4006
2 3493 4006
2 3494 4006
2 3495 4006
2 3496 4006
2 3497 4006
2 3498 4006
2 3499 4006
2 3500 4006
2 3501 4006
2 3502 4006
2 3503 4006
1 4006
2 4006 3507
2 4006 3508
2 4006 3509
2 4006 3510
2 4006 3511
2 4006 3512
2 4006 3513
2 4006 3514
2 4006 3515
2 4006 3516
2 4006 3517
2 4006 3518
2 4006 3519
2 4006 3520
2 4006 3521
2 4006 3522
2 4006 3523
2 4006 3524
2 4006 3525
2 4006 3526
2 4006 3527
2 4006 3528
2 4006 3529
2 4006 3530
2 4006 3531
2 4006 3532
2 4006 3533
2 4006 3534
2 4006 3535
2 4006 3536
2 4006 3537
2 4006 3538
2 4006 3539
2 4006 3540
2 4006 3541
2 4006 3542
2 4006 3543
2 4006 3544
2 4006 3545
2 4006 3546
2 4006 3547
2 4006 3548
2 4006 3549
2 4006 3550
2 4006 3551
2 4006 3552
2 4006 3553
2 4006 3554
2 4006 3555
2 4006 3556
2 4006 3557
2 4006 3558
2 4006 3559
2 4006 3560
2 4006 3561
2 4006 3562
2 4006 3563
2 4006 3564
2 4006 3565
2 4006 3566
2 4006 3567
2 4006 3568
2 4006 3569
2 4006 3570
2 4006 3571
2 4006 3572
2 4006 3573
2 4006 3574
2 4006 3575
2 4006 3576
2 4006 3577
2 4006 3578
2 4006 3579
2 4006 3580
2 4006 3581
2 4006 3582
2 4006 3583
2 4006 3584
2 4006 3585
2 4006 3586
2 4006 3587
2 4006 3588
2 4006 3589
2 4006 3590
2 4006 3591
2 4006 3592
2 4006 3593
2 4006 3594
2 4006 3595
2 4006 3596
2 4006 3597
2 4006 3598
2 4006 3599
2 4006 3600
2 4006 3601
2 4006 3602
2 4006 3603
2 4006 3604
2 4006 3605
2 4006 3606
2 4006 3607
2 4006 3608
2 4006 3609
2 4006 3610
2 4006 3611
2 4006 3612
2 4006 3613
2 4006 3614
2 4006 3615
2 4006 3616
2 4006 3617
2 4006 3618
2 4006 3619
2 4006 3620
2 4006 3621
2 4006 3622
2 4006 3623
2 4006 3624
2 4006 3625
2 4006 3626
2 4006 3627
2 4006 3628
2 4006 3629
2 4006 3630
2 4006 3631
2 4006 3632
2 4006 3633
2 4006 3634
2 4006 3635
2 4006 3636
2 4006 3637
2 4006 3638
2 4006 3639
2 4006 3640
2 4006 3641
2 4006 3642
2 4006 3643
2 4006 3644
2 4006 3645
2 4006 3646
2 4006 3647
2 4006 3648
2 4006 3649
2 4006 3650
2 4006 3651
2 4006 3652
2 4006 3653
2 4006 3654
2 4006 3655
2 4006 3656
2 4006 3657
2 4006 3658
2 4006 3659
2 4006 3660
2 4006 3661
2 4006 3662
2 4006 3663
2 4006 3664
2 4006 3665
2 4006 3666
2 4006 3667
2 4006 3668
2 4006 3669
2 4006 3670
2 4006 3671
2 4006 3672
2 4006 3673
2 4006 3674
2 4006 3675
2 4006 3676
2 4006 3677
2 4006 3678
2 4006 3679
2 4006 3680
2 4006 3681
2 4006 3682
2 4006 3683
2 4006 3684
2 4006 3685
2 4006 3686
2 4006 3687
2 4006 3688
2 4006 3689
2 4006 3690
2 4006 3691
2 4006 3692
2 4006 3693
2 4006 3694
2 4006 3695
2 4006 3696
2 4006 3697
2 4006 3698
2 4006 3699
2 4006 3700
2 4006 3701
2 4006 3702
2 4006 3703
2 4006 3704
2 4006 3705
2 4006 3706
2 4006 3707
2 4006 3708
2 4006 3709
2 4006 3710
2 4006 3711
2 4006 3712
2 4006 3713
2 4006 3714
2 4006 3715
2 4006 3716
2 4006 3717
2 4006 3718
2 4006 3719
2 4006 3720
2 4006 3721
2 4006 3722
2 4006 3723
2 4006 3724
2 4006 3725
2 4006 3726
2 4006 3727
2 4006 3728
2 4006 3729
2 4006 3730
2 4006 3731
2 4006 3732
2 4006 3733
2 4006 3734
2 4006 3735
2 4006 3736
2 4006 3737
2 4006 3738
2 4006 3739
2 4006 3740
2 4006 3741
2 4006 3742
2 4006 3743
2 4006 3744
2 4006 3745
2 4006 3746
2 4006 3747
2 4006 3748
2 4006 3749
2 4006 3750
2 4006 3751
2 4006 3752
2 4006 3753
2 4006 3754
2 4006 3755
2 4006 3756
2 4006 3757
2 4006 3758
2 4006 3759
2 4006 3760
2 4006 3761
2 4006 3762
2 4006 3763
2 4006 3764
2 4006 3765
2 4006 3766
2 4006 3767
2 4006 3768
2 4006 3769
2 4006 3770
2 4006 3771
2 4006 3772
2 4006 3773
2 4006 3774
2 4006 3775
2 4006 3776
2 4006 3777
2 4006 3778
2 4006 3779
2 4006 3780
2 4006 3781
2 4006 3782
2 4006 3783
2 4006 3784
2 4006 3785
2 4006 3786
2 4006 3787
2 4006 3788
2 4006 3789
2 4006 3790
2 4006 3791
2 4006 3792
2 4006 3793
2 4006 3794
2 4006 3795
2 4006 3796
2 4006 3797
2 4006 3798
2 4006 3799
2 4006 3800
2 4006 3801
2 4006 3802
2 4006 3803
2 4006 3804
2 4006 3805
2 4006 3806
2 4006 3807
2 4006 3808
2 4006 3809
2 4006 3810
2 4006 3811
2 4006 3812
2 4006 3813
2 4006 3814
2 4006 3815
2 4006 3816
2 4006 3817
2 4006 3818
2 4006 3819
2 4006 3820
2 4006 3821
2 4006 3822
2 4006 3823
2 4006 3824
2 4006 3825
2 4006 3826
2 4006 3827
2 4006 3828
2 4006 3829
2 4006 3830
2 4006 3831
2 4006 3832
2 4006 3833
2 4006 3834
2 4006 3835
2 4006 3836
2 4006 3837
2 4006 3838
2 4006 3839
2 4006 3840
2 4006 3841
2 4006 3842
2 4006 3843
2 4006 3844
2 4006 3845
2 4006 3846
2 4006 3847
2 4006 3848
2 4006 3849
2 4006 3850
2 4006 3851
2 4006 3852
2 4006 3853
2 4006 3854
2 4006 3855
2 4006 3856
2 4006 3857
2 4006 3858
2 4006 3859
2 4006 3860
2 4006 3861
2 4006 3862
2 4006 3863
2 4006 3864
2 4006 3865
2 4006 3866
2 4006 3867
2 4006 3868
2 4006 3869
2 4006 3870
2 4006 3871
2 4006 3872
2 4006 3873
2 4006 3874
2 4006 3875
2 4006 3876
2 4006 3877
2 4006 3878
2 4006 3879
2 4006 3880
2 4006 3881
2 4006 3882
2 4006 3883
2 4006 3884
2 4006 3885
2 4006 3886
2 4006 3887
2 4006 3888
2 4006 3889
2 4006 3890
2 4006 3891
2 4006 3892
2 4006 3893
2 4006 3894
2 4006 3895
2 4006 3896
2 4006 3897
2 4006 3898
2 4006 3899
2 4006 3900
2 4006 3901
2 4006 3902
2 4006 3903
2 4006 3904
2 4006 3905
2 4006 3906
2 4006 3907
2 4006 3908
2 4006 3909
2 4006 3910
2 4006 3911
2 4006 3912
2 4006 3913
2 4006 3914
2 4006 3915
2 4006 3916
2 4006 3917
2 4006 3918
2 4006 3919
2 4006 3920
2 4006 3921
2 4006 3922
2 4006 3923
2 4006 3924
2 4006 3925
2 4006 3926
2 4006 3927
2 4006 3928
2 4006 3929
2 4006 3930
2 4006 3931
2 4006 3932
2 4006 3933
2 4006 3934
2 4006 3935
2 4006 3936
2 4006 3937
2 4006 3938
2 4006 3939
2 4006 3940
2 4006 3941
2 4006 3942
2 4006 3943
2 4006 3944
2 4006 3945
2 4006 3946
2 4006 3947
2 4006 3948
2 4006 3949
2 4006 3950
2 4006 3951
2 4006 3952
2 4006 3953
2 4006 3954
2 4006 3955
2 4006 3956
2 4006 3957
2 4006 3958
2 4006 3959
2 4006 3960
2 4006 3961
2 4006 3962
2 4006 3963
2 4006 3964
2 4006 3965
2 4006 3966
2 4006 3967
2 4006 3968
2 4006 3969
2 4006 3970
2 4006 3971
2 4006 3972
2 4006 3973
2 4006 3974
2 4006 3975
2 4006 3976
2 4006 3977
2 4006 3978
2 4006 3979
2 4006 3980
2 4006 3981
2 4006 3982
2 4006 3983
2 4006 3984
2 4006 3985
2 4006 3986
2 4006 3987
2 4006 3988
2 4006 3989
2 4006 3990
2 4006 3991
2 4006 3992
2 4006 3993
2 4006 3994
2 4006 3995
2 4006 3996
2 4006 3997
2 4006 3998
2 4006 3999
2 4006 4000
2 4006 4001
2 4006 4002
2 4006 4003
2 4006 4004
2 4006 4005
1 4006
