150 50
4124 40575
11097 26132
23342 28901
57582 82409
30551 44066
20144 41222
35554 52966
23822 29803
43652 87707
62796 111181
51549 83844
10618 21433
55747 83104
62460 89004
61228 87626
44687 51872
33239 70239
62061 85827
50002 72818
47907 64668
29149 52254
57522 60566
35702 81054
40175 50413
34407 77114
59988 91412
64241 114697
31007 36685
27891 46137
26805 69216
44033 81312
19886 39860
45216 69411
21246 22743
79156 115018
45367 68806
26274 28073
60987 85796
41263 64701
42928 90452
41521 43473
75332 126223
60247 79118
51571 97225
57019 63209
31192 46796
73660 78872
49173 56368
78220 104034
47813 77967
54868 85252
76588 101131
72513 101644
80248 92493
79975 115964
50501 63842
90505 137339
71585 91939
53478 67720
45026 80841
46063 51553
93926 135061
52688 95720
82059 109300
55107 94272
58113 88060
90891 139992
90380 115916
73143 102311
72202 76709
79261 128618
93502 97474
91555 113482
68691 110353
47528 67832
86279 93292
52644 77620
80498 107797
83386 128992
80248 119533
83418 114505
85684 95050
50664 92426
77741 85403
88127 108634
80934 84964
106235 118159
94727 111208
79558 120893
83782 88729
95681 123504
112420 128304
109069 127082
63584 109256
107710 147542
77629 80911
95381 133334
101250 116432
87316 102465
71857 99802
92115 108393
117717 144247
67694 71798
109158 157871
94085 132780
71176 109796
120909 155503
102730 147573
102331 134825
83052 114164
87302 121942
120277 150246
87913 103576
72724 105172
103660 136734
88103 107295
94447 118585
101008 102014
130127 168470
83965 133261
119398 136574
102380 111754
95870 141315
78677 80765
134114 144959
85953 117709
123493 144484
86458 117320
122618 162269
85206 119703
112199 128579
124039 164030
139148 185429
96455 116191
119707 128823
98507 116144
84443 133918
126087 148270
102911 125148
103914 125510
100786 140808
106530 115554
97302 119178
106623 124884
145788 150670
100984 133928
115125 158067
99413 124123
124931 154359
136893 175173
