	0 0 0 0 0 0 0 0 
	800	1010	585	370	    180 250	500	160	
	1395	1760	1020	645	230	320	640	205	
	1925	2430	1410	890	295	410	820	260	
	2425	3060	1775	1120 375	525	1050	335	
	2900	3660	2120	1340	485	670	1340	430
	3355	4235	2455	1550	620	860	1720	550
	3795	4790	2775	1755	790	1100	2200	705
	4220	5330	3090	1955	1015	1405	2815	900
	4640	5860	3395	2145	1295	1800	3605	1155
	5050	6375	3690	2335	1660	2305	4610	1475
	5450	6880	3985	2520	2125	2950	5905	1890
	5840	7375	4270	2700	2720	3780	7555	2420
	6225	7860	4555	2880	3480	4835	9670	3095
	6605	8340	4830	3055	4455	6190	12380	3960
	6980	8815	5105	3230	5705	7925	15845	5070
	7350	9280	5375	3400	7300	10140	20280	6490
	7715	9745	5645	3570	9345	12980	25960	8310
	8080	10200	5905	3735	11965	16615	33230	10635
	8435	10650	6170	3900	15315	21270	42535	13610
	8790	11095	6425	4065 	19600	27225	54445	17420