10 100
1 6 1030958
1 5 914718
8 9 47738
2 10 135948
1 6 1030958
4 9 366435
4 7 339225
6 6 151088
4 8 775948
1 2 441928
6 6 151088
4 8 775948
4 10 996033
2 2 226205
6 6 151088
1 9 883579
5 10 953593
2 8 456385
2 5 538827
1 6 1030958
1 8 211732
6 10 666567
4 10 996033
2 2 226205
4 6 481078
3 9 771379
1 6 1030958
6 8 970250
2 8 456385
4 7 339225
5 10 953593
1 8 211732
3 9 771379
3 10 90257
2 4 827381
2 9 571054
7 10 550391
2 4 827381
2 5 538827
1 10 515801
8 9 47738
1 2 441928
3 6 591206
3 8 361820
3 8 361820
2 5 538827
9 10 320973
5 9 272731
1 6 1030958
1 9 883579
10 10 697762
10 10 697762
2 7 527572
5 9 272731
1 4 610848
1 6 1030958
8 9 47738
4 9 366435
4 8 775948
4 7 339225
6 9 36453
5 7 299809
1 8 211732
9 10 320973
6 9 36453
5 8 682292
1 10 515801
3 6 591206
9 10 320973
2 10 135948
1 3 584728
1 2 441928
1 6 1030958
2 8 456385
2 10 135948
2 5 538827
3 8 361820
6 7 13343
9 10 320973
3 10 90257
3 8 361820
3 7 753481
7 9 180309
7 8 819258
5 6 452878
2 7 527572
2 4 827381
1 3 584728
2 3 860621
1 9 883579
8 10 663512
2 6 685819
3 5 740182
3 6 591206
7 7 162351
5 7 299809
4 5 334086
2 7 527572
1 9 883579
1 8 211732
