100
14253 28
25512 13
16037 24
23680 42
25179 61
980 74
22956 26
28053 20
9494 69
3613 37
9037 72
15284 4
18782 10
25955 23
21828 89
27303 44
23941 55
21299 3
10033 66
17745 81
17942 75
24461 57
14239 30
14266 78
31325 14
13254 19
19964 87
20525 1
23890 22
29971 83
25228 18
20298 5
1053 40
6440 86
22448 68
25411 79
11559 48
3123 39
25729 98
10848 62
10818 11
5843 33
30967 0
16669 59
32080 60
25346 90
8662 16
6899 97
13381 32
7664 49
30689 21
4950 12
14046 70
7472 41
16458 56
30423 34
11813 8
5915 36
27097 17
28626 65
28797 46
14254 7
21669 2
17843 94
6532 25
24087 58
23547 43
11888 51
6722 73
12426 47
14138 27
3748 88
736 76
3158 15
26231 50
6204 71
15459 85
32609 99
23604 80
2818 64
22809 35
5018 96
11543 91
7768 45
16353 63
19975 54
12410 52
13886 38
1093 31
23407 93
24355 6
16641 53
26532 67
5003 95
13194 9
25348 84
17007 82
31047 92
28405 29
22618 77
5000
49 54 6
79 7 53
72 1 93
61 10 77
53 81 86
39 99 72
87 47 23
45 14 89
96 20 67
59 90 43
97 37 54
49 28 67
79 49 80
90 94 6
21 84 89
93 55 94
83 54 88
74 15 63
88 86 33
53 68 82
53 20 54
85 92 13
20 83 80
70 95 61
35 70 13
49 45 66
42 16 41
95 52 77
18 64 69
88 47 90
90 51 29
62 73 48
20 67 38
99 51 74
77 97 24
30 46 45
55 59 14
93 97 37
66 89 24
92 86 68
5 87 88
15 67 17
33 46 2
67 38 3
18 40 51
90 57 34
64 95 50
41 64 10
63 17 55
20 94 23
97 23 51
99 1 45
5 2 27
58 57 85
96 40 85
64 88 6
85 86 95
58 48 40
42 28 50
55 28 18
20 23 71
69 80 26
45 8 78
32 84 65
83 22 9
57 53 72
95 4 40
89 74 88
81 66 98
46 73 45
89 88 19
82 55 52
86 64 37
62 10 32
97 6 44
67 81 79
13 45 96
31 64 66
60 1 83
44 62 27
57 49 96
23 34 87
45 36 67
17 6 84
9 59 91
49 86 37
12 9 97
12 97 30
27 25 43
34 4 10
25 6 32
30 25 81
17 65 20
20 96 12
93 43 73
38 48 82
4 7 58
5 49 32
2 13 16
11 80 36
85 20 73
47 62 24
2 94 39
60 38 11
77 30 4
71 58 92
58 81 64
38 71 68
100 65 32
48 53 79
29 27 65
24 76 38
14 9 42
25 29 45
12 71 19
66 49 39
13 69 35
74 28 71
62 11 95
85 54 66
29 47 59
65 4 84
46 37 43
100 44 38
51 35 46
42 60 99
21 10 82
70 40 16
91 42 59
93 3 47
40 96 73
22 28 8
35 99 65
47 30 26
21 47 75
13 1 97
58 59 76
34 70 49
11 55 5
31 87 32
84 98 87
36 10 58
96 86 36
37 71 80
71 33 20
3 72 92
29 72 98
66 64 61
93 87 90
87 38 53
56 50 10
8 90 53
64 48 29
88 59 27
41 23 83
56 84 21
50 91 66
93 54 25
17 56 46
94 22 67
26 6 53
90 23 69
66 68 2
67 97 69
48 87 98
58 78 37
52 8 37
57 91 44
64 90 36
77 49 32
86 23 82
74 22 11
37 3 14
42 10 19
9 14 35
84 58 38
68 30 31
37 4 35
24 58 27
15 13 11
6 80 32
92 52 73
30 33 79
80 43 42
70 44 71
5 96 76
8 85 33
53 86 43
35 94 42
76 61 95
99 37 5
52 88 50
94 37 72
61 93 32
48 68 85
11 21 91
41 77 6
17 63 69
22 33 84
37 49 77
20 54 87
78 60 47
6 19 95
93 41 74
22 38 57
83 24 77
99 32 72
68 82 32
88 59 67
84 77 92
9 27 60
55 42 77
17 57 83
3 70 35
11 96 63
57 100 95
75 11 73
43 21 58
43 55 23
56 96 19
31 44 69
90 49 18
60 71 36
93 5 9
84 30 15
18 35 92
97 51 95
48 38 32
23 99 92
92 70 21
24 90 92
17 78 63
22 86 70
38 28 80
63 47 41
96 80 12
11 19 4
97 36 10
82 88 68
82 13 84
31 70 60
25 74 38
4 24 96
23 11 27
77 98 56
9 81 98
3 15 60
62 44 93
42 58 17
62 71 35
72 43 42
74 5 46
19 92 43
63 71 68
71 51 21
61 76 63
18 85 25
91 68 86
100 96 83
77 41 2
76 65 94
86 70 65
60 95 1
28 70 23
28 15 44
5 56 48
11 81 3
22 67 71
46 5 41
43 93 47
94 36 38
87 88 68
9 93 35
28 4 15
79 84 75
2 76 81
65 31 77
51 16 65
71 32 90
75 35 94
69 30 100
84 98 89
40 36 47
23 56 87
95 92 69
75 61 23
4 31 43
100 3 35
72 94 6
25 75 12
60 74 51
46 3 37
100 88 23
42 98 9
19 27 99
100 17 54
41 94 74
75 43 69
90 44 18
65 57 38
47 14 23
54 39 17
2 24 91
98 61 90
21 37 39
44 55 71
44 35 7
47 79 8
66 78 69
34 89 28
13 38 28
88 76 94
61 6 19
91 93 63
2 96 33
76 32 24
48 11 61
23 99 86
66 80 81
17 19 25
15 11 9
8 23 48
67 77 65
61 74 79
38 43 88
95 57 84
85 94 30
87 27 63
40 35 88
89 50 15
9 66 46
97 22 12
66 76 99
43 15 82
57 7 26
37 84 15
60 36 63
87 53 1
27 26 68
70 41 47
6 72 35
100 9 92
67 59 29
68 64 55
56 97 8
85 11 13
81 36 95
2 18 69
59 100 16
38 54 55
4 78 92
80 63 15
14 37 32
36 62 64
41 49 57
100 25 79
3 52 44
84 10 13
11 26 71
79 29 86
5 45 62
29 11 52
88 94 8
95 31 63
5 60 65
73 43 14
78 36 54
76 16 24
17 49 2
40 47 88
22 97 57
57 97 18
72 52 70
89 2 82
97 71 20
27 93 87
95 23 67
84 40 11
74 24 4
33 8 27
67 70 14
69 3 80
63 75 89
36 97 24
44 42 17
91 72 87
40 67 13
21 37 48
40 41 52
100 46 34
20 32 21
98 54 55
15 13 26
55 72 52
53 75 37
62 91 53
33 24 50
69 81 43
75 86 40
12 49 84
73 23 42
1 27 99
48 19 24
61 33 18
9 2 15
98 2 60
84 43 11
31 2 38
63 49 23
22 53 24
63 17 91
79 11 90
2 10 80
35 5 88
54 17 58
65 79 32
14 80 10
12 52 9
98 4 16
79 22 61
84 53 35
94 43 99
82 48 90
49 88 77
53 98 15
83 32 64
57 52 33
45 14 72
57 43 35
31 19 3
35 13 76
31 75 87
35 55 40
76 37 88
11 93 1
68 5 16
68 5 64
51 35 34
94 83 39
34 7 62
86 54 64
22 28 36
38 91 97
49 20 76
13 5 41
45 20 61
22 20 59
34 39 33
10 27 55
38 32 2
49 46 72
31 36 93
85 30 34
65 36 48
5 100 96
27 50 34
62 77 22
76 6 46
1 82 45
90 16 54
17 6 38
60 72 3
57 5 59
15 81 23
27 63 86
76 36 21
7 11 20
55 34 94
94 58 31
40 47 82
25 39 5
65 42 4
47 78 30
24 4 92
32 63 59
12 31 66
43 56 88
29 91 1
89 26 19
16 70 63
72 1 70
75 83 7
19 29 61
77 50 2
61 34 100
45 9 48
70 11 18
39 82 94
13 73 46
80 55 61
87 92 45
11 59 96
88 21 97
75 5 7
26 45 92
97 58 64
74 35 24
30 72 13
57 85 3
9 89 2
28 66 24
29 13 42
41 75 89
90 1 5
6 19 62
16 41 57
52 49 94
12 20 75
11 59 3
39 29 76
41 52 28
67 10 95
27 57 36
94 42 55
54 57 92
98 31 69
14 7 60
57 51 37
67 73 56
72 93 14
4 40 3
90 50 85
64 69 10
30 1 60
89 49 55
25 81 35
23 19 36
48 76 8
4 45 98
40 15 55
71 39 4
79 38 94
30 61 57
82 19 69
31 94 75
37 91 38
18 91 92
12 87 5
37 21 7
94 99 71
50 42 56
82 36 70
10 33 54
49 97 6
30 6 65
45 44 47
11 89 23
2 45 43
100 6 9
66 76 25
10 7 100
95 89 82
40 13 51
78 72 66
22 6 35
89 77 71
73 45 15
96 28 30
67 24 37
89 41 7
11 29 13
95 44 79
97 72 44
23 28 9
95 68 100
45 74 54
19 46 36
94 62 10
49 85 14
7 59 92
47 35 29
20 61 31
88 30 5
79 84 73
21 55 35
43 20 12
72 56 16
22 74 65
69 4 50
32 16 93
63 89 27
38 60 96
85 88 7
16 57 95
52 23 80
86 36 83
62 57 31
5 68 57
28 63 43
48 79 55
48 25 75
90 9 96
49 43 51
48 73 80
20 36 52
49 62 85
42 83 29
26 76 95
46 93 100
32 13 9
32 26 52
91 21 76
40 22 93
31 71 10
58 99 22
51 4 15
70 45 61
12 18 27
8 7 31
50 32 16
70 79 85
69 49 92
91 98 60
51 71 20
94 11 30
21 81 43
77 5 74
8 33 2
80 62 14
45 10 54
91 98 59
15 35 27
98 39 11
10 34 51
74 88 80
5 62 2
84 89 90
54 57 34
93 92 61
60 44 15
12 63 15
64 88 30
68 56 4
2 18 15
12 98 92
55 52 42
52 39 42
59 99 52
100 61 85
48 99 29
36 17 33
32 99 38
70 96 98
75 90 99
55 65 44
69 2 17
52 63 50
24 5 2
4 81 52
9 95 13
95 58 17
31 95 78
23 93 5
45 88 33
50 20 9
70 24 100
14 49 44
47 81 71
90 48 71
41 62 29
90 5 48
64 52 46
15 1 47
44 22 56
68 26 57
97 93 12
79 49 30
13 31 43
77 10 48
70 13 55
78 32 96
21 70 6
29 81 79
33 12 40
9 75 4
82 79 81
26 82 8
29 36 99
40 18 37
17 68 96
58 66 18
85 44 61
7 28 91
97 40 78
81 31 92
23 66 43
64 67 30
85 47 39
20 13 26
9 48 80
44 72 89
46 27 41
91 95 86
57 50 90
35 26 4
74 61 16
70 25 60
10 54 24
62 27 90
74 25 5
68 48 2
39 97 20
29 55 66
12 15 52
48 36 100
9 19 95
39 17 9
70 41 30
77 35 72
79 46 94
90 33 66
42 55 40
93 6 59
46 80 79
60 11 14
5 62 81
80 42 3
63 32 50
45 83 80
57 58 32
43 34 84
83 37 24
85 77 79
86 24 78
30 70 76
64 72 49
77 11 70
53 81 52
40 12 24
44 10 6
67 70 88
93 26 87
77 31 76
57 11 79
59 38 74
67 40 74
86 66 88
4 70 18
32 61 66
16 46 57
59 66 4
70 37 28
76 90 82
35 1 56
30 91 41
62 69 24
52 70 72
66 40 74
22 91 41
61 26 9
58 78 51
93 65 7
63 47 72
79 12 24
75 58 12
82 59 40
95 67 35
94 54 56
83 71 37
83 48 49
64 45 44
74 42 1
14 52 78
51 54 27
77 64 41
64 23 73
88 73 41
2 85 96
50 98 3
94 84 27
19 13 33
35 30 84
11 88 21
9 1 32
91 19 75
2 46 37
56 79 17
58 89 28
32 7 93
67 16 30
99 61 25
80 60 59
97 33 26
27 86 54
84 37 15
12 62 37
43 11 27
67 23 46
73 6 13
5 13 9
52 54 56
32 82 61
37 25 44
9 88 10
61 88 46
30 25 90
30 43 72
7 86 33
24 59 95
47 88 40
50 40 57
12 71 79
79 51 19
96 37 84
24 93 28
48 33 61
87 32 22
87 22 52
47 10 88
57 38 10
87 51 27
59 15 31
95 12 56
90 46 11
8 54 21
39 90 71
96 94 12
16 85 4
50 24 81
19 100 73
99 84 94
75 46 79
42 6 54
15 86 72
62 4 82
84 20 36
80 50 49
15 62 46
27 86 52
70 92 35
7 66 61
75 85 84
47 40 54
16 44 60
10 69 14
25 36 93
51 86 29
10 73 9
10 45 8
51 48 63
19 6 57
13 4 6
83 57 51
42 70 59
90 71 55
57 94 52
20 25 76
100 91 86
58 29 53
58 48 94
73 51 75
12 97 25
1 12 69
14 52 53
80 27 75
16 35 87
75 99 50
49 15 73
4 19 6
26 38 88
32 91 85
89 19 65
52 96 55
15 76 52
29 73 10
69 80 83
16 83 4
12 20 57
50 83 93
56 32 79
4 96 35
38 26 6
91 77 78
46 26 82
22 39 63
66 53 25
44 72 51
82 41 69
52 64 59
57 6 54
61 6 34
33 30 44
93 5 71
24 67 88
42 33 11
82 24 32
9 90 3
3 80 88
91 13 8
11 13 35
7 41 32
54 77 8
16 67 34
31 56 19
83 90 20
32 37 98
51 99 13
84 89 72
63 48 4
20 54 93
81 45 47
20 57 35
53 84 16
20 100 17
100 93 11
43 63 78
78 100 32
3 53 95
31 75 83
11 29 23
67 89 23
31 35 65
92 18 54
33 11 5
71 70 8
67 20 90
31 19 4
89 85 62
72 45 54
24 13 82
86 76 28
29 51 72
27 7 100
98 73 29
99 8 12
52 75 32
54 93 48
93 38 100
72 42 4
56 14 4
96 86 53
58 15 63
51 88 59
55 90 51
84 20 63
52 14 2
62 3 9
1 33 79
58 87 12
71 100 30
96 35 91
77 98 2
64 50 63
50 21 76
26 42 74
90 13 51
28 96 39
71 13 60
10 62 33
80 52 89
63 77 24
100 3 28
38 30 82
56 35 96
86 47 6
58 80 89
49 57 19
37 56 46
55 95 22
69 38 66
50 97 61
23 42 55
50 37 21
46 37 66
6 74 73
38 3 40
97 87 59
96 26 60
63 64 50
83 35 1
65 100 60
15 55 79
49 33 31
77 3 49
94 17 33
5 75 58
92 55 17
67 18 75
33 35 49
86 42 50
31 65 47
40 43 86
100 68 94
74 51 80
3 96 44
87 24 85
66 75 19
28 93 61
87 68 41
93 74 96
40 2 78
78 62 5
27 83 12
64 17 57
100 79 51
98 7 78
79 81 32
62 98 7
39 84 46
55 57 34
62 1 75
61 2 95
5 83 48
29 72 58
6 35 73
72 41 92
32 69 77
70 69 53
78 63 66
34 63 65
33 90 81
2 43 1
46 13 73
90 6 45
18 86 73
35 46 25
6 74 94
23 24 3
51 50 83
25 75 22
90 26 69
57 30 86
69 9 37
68 84 78
40 3 53
68 81 26
8 64 50
59 97 86
74 69 64
19 1 12
68 44 34
9 42 31
46 2 4
52 92 39
93 31 59
34 38 76
80 84 90
23 8 24
10 53 36
67 40 62
27 37 72
44 56 63
71 40 69
85 60 20
79 11 73
97 43 62
67 94 72
56 68 92
94 68 23
32 74 70
53 74 59
99 40 15
68 39 57
12 11 64
13 44 22
7 2 24
40 100 23
22 14 35
98 33 14
48 27 15
68 22 25
54 95 91
22 99 2
30 74 40
84 91 100
8 60 64
42 25 1
84 54 45
82 84 13
5 53 43
71 78 85
78 19 64
4 60 32
53 46 72
16 14 71
41 16 12
91 53 29
46 48 77
69 25 3
72 25 32
63 58 69
77 50 98
80 67 62
15 74 49
3 72 15
60 25 15
22 68 61
23 13 65
3 28 39
79 63 14
56 38 96
56 24 52
35 84 63
23 76 84
82 80 67
79 13 32
3 36 5
76 71 93
20 92 31
48 97 4
60 27 40
11 43 22
40 23 36
41 32 92
60 90 86
12 48 16
36 88 62
17 13 81
77 28 90
37 60 2
65 10 19
6 56 7
65 32 78
26 1 56
67 66 28
42 78 35
79 20 14
33 65 22
9 50 64
73 6 58
14 1 27
12 16 60
78 95 53
29 18 94
83 89 69
33 43 40
15 11 74
75 64 15
9 73 5
88 76 95
9 28 31
21 29 2
33 57 80
63 10 14
61 38 86
33 58 31
54 6 82
11 59 56
7 100 97
62 1 49
100 17 11
58 67 78
71 72 90
62 73 82
43 76 74
70 44 55
46 91 96
75 50 42
75 76 82
84 54 58
6 66 1
15 90 81
13 85 54
88 42 35
78 62 64
26 79 44
81 5 92
100 69 24
92 72 39
48 26 69
7 79 48
95 67 56
80 62 26
97 42 49
69 87 25
71 36 10
100 71 57
42 24 32
54 4 97
73 61 85
20 57 91
68 47 58
50 82 71
71 56 51
41 91 92
78 12 36
91 89 90
69 33 55
9 19 77
6 96 14
58 5 78
66 64 20
82 8 18
13 64 99
57 71 94
6 25 24
47 51 43
53 84 96
63 17 60
46 2 34
1 80 42
91 43 69
29 81 73
8 75 36
82 98 100
4 86 96
82 9 33
67 19 4
91 90 97
68 12 64
5 75 38
93 32 76
33 6 49
17 34 44
42 80 5
52 77 11
41 57 63
5 30 3
22 63 17
51 26 81
14 42 100
27 55 20
65 22 94
77 46 70
45 33 16
86 9 65
98 79 12
59 16 4
70 30 41
37 15 85
37 73 63
58 98 9
79 21 60
15 36 3
17 89 35
67 19 58
84 89 70
74 76 68
72 82 81
95 62 39
41 34 65
75 22 33
25 73 12
68 100 52
73 50 46
18 48 44
21 68 32
2 35 41
49 10 22
75 100 73
70 83 37
60 90 55
76 4 16
1 31 25
33 3 11
57 12 85
38 51 46
63 12 34
34 87 13
76 98 85
97 35 6
97 49 78
43 81 77
27 87 68
62 76 42
54 82 3
16 13 70
62 66 67
96 75 81
53 72 97
99 67 4
19 59 77
50 4 43
46 61 99
80 46 44
24 12 89
90 31 16
78 3 25
59 34 82
40 47 14
63 22 95
33 10 41
73 18 81
49 72 76
63 91 65
43 42 65
1 80 82
65 6 96
22 14 87
34 14 25
4 77 10
97 39 47
18 97 56
51 34 22
4 20 32
23 12 39
11 95 22
83 43 70
76 15 99
71 28 91
77 38 89
27 64 97
3 61 66
24 48 45
60 89 14
55 92 95
82 64 35
36 9 32
93 52 22
65 60 44
19 95 64
4 44 34
58 72 10
66 73 89
8 72 16
97 9 61
69 45 23
69 68 17
56 85 54
89 43 40
75 41 81
99 66 50
84 83 9
76 51 75
41 20 11
2 94 43
50 17 42
65 19 53
70 26 6
76 22 75
68 5 38
13 60 61
21 63 2
68 77 1
96 21 98
43 68 5
8 26 30
100 39 89
26 69 18
68 96 87
44 98 30
96 68 99
61 63 43
8 92 100
46 77 73
71 66 63
93 65 41
64 63 26
73 16 40
88 75 2
49 6 76
9 92 4
42 55 76
22 2 51
16 84 1
86 97 70
41 49 71
19 1 84
13 86 95
10 92 78
5 63 75
30 54 62
92 14 67
53 80 1
6 22 39
80 81 91
42 33 61
35 22 31
61 34 38
45 70 67
48 29 65
41 36 99
91 9 36
34 11 81
3 34 5
51 65 7
94 3 26
85 16 23
70 20 83
74 8 41
19 14 6
71 81 20
14 64 97
63 71 39
63 97 37
100 65 5
36 16 94
57 34 76
43 63 29
16 53 18
28 58 95
52 76 73
14 13 24
76 23 21
37 15 29
71 41 64
49 8 36
9 74 54
25 61 36
27 55 20
15 64 99
13 3 25
47 55 72
3 61 94
26 95 41
57 48 42
2 27 5
50 70 14
92 43 76
18 5 44
27 63 73
63 10 82
54 92 8
79 27 78
63 30 75
61 69 23
91 71 40
48 79 60
11 49 86
51 48 89
45 40 27
80 44 11
6 51 82
6 27 16
86 18 99
18 34 74
96 23 5
72 37 64
32 44 52
68 32 30
41 25 54
15 61 76
22 7 94
95 9 82
13 80 98
41 75 47
87 74 36
4 1 70
81 26 24
77 1 11
100 63 15
2 96 6
18 5 87
100 60 70
93 75 31
4 82 38
5 49 42
89 87 3
100 64 96
64 12 59
78 74 95
54 30 63
56 40 100
48 94 77
98 36 79
97 29 44
3 17 63
84 98 16
27 76 26
34 70 100
36 87 88
37 36 43
10 25 50
41 65 37
8 6 90
21 10 28
99 7 29
59 91 56
79 74 18
95 82 36
23 35 63
84 49 68
9 23 15
41 9 62
43 56 100
68 94 56
76 73 86
87 35 94
95 32 66
79 34 24
40 7 33
86 3 62
86 14 93
65 32 94
50 24 8
47 86 25
79 33 63
16 30 42
29 17 22
99 44 37
10 49 58
43 66 84
90 12 32
88 98 52
57 77 71
87 68 96
70 60 58
26 63 37
5 45 28
100 69 39
2 87 65
49 45 74
30 87 65
66 43 28
97 43 69
84 67 3
56 79 11
72 19 87
85 96 57
8 96 79
65 99 16
41 19 49
98 64 87
66 3 68
62 85 18
89 62 98
46 17 11
94 31 63
39 61 56
11 38 57
61 10 30
85 89 49
12 73 83
85 8 57
89 37 42
17 69 28
25 47 87
17 72 9
78 44 67
60 62 41
59 45 55
11 97 87
40 34 56
45 14 17
4 18 2
27 46 78
68 100 38
51 18 70
56 8 100
69 42 25
77 68 8
35 14 72
25 92 73
46 70 38
5 48 45
40 8 51
42 65 77
36 27 19
34 82 16
73 56 29
58 84 90
14 3 70
18 27 77
8 51 10
99 34 66
52 36 46
9 36 21
74 2 80
18 82 19
15 72 13
62 47 90
87 24 45
33 91 45
79 85 81
66 45 88
79 62 11
85 12 74
58 5 81
57 21 61
87 54 22
25 61 83
9 42 38
77 76 58
5 85 40
16 41 67
47 78 51
33 94 59
14 67 45
68 97 24
36 90 22
55 16 33
59 46 15
4 1 75
24 89 77
38 67 70
22 46 31
52 90 75
65 22 44
7 36 89
2 24 21
35 64 58
13 6 84
53 92 55
92 96 44
10 69 43
35 4 73
15 50 38
72 24 78
7 74 67
71 97 40
13 67 84
67 18 72
24 77 38
89 72 11
69 37 58
42 73 13
73 59 37
99 41 36
84 80 33
28 3 40
63 91 82
86 88 4
44 57 17
76 42 13
57 70 14
71 72 25
9 28 57
90 1 83
11 56 62
37 21 42
27 96 67
63 97 20
91 64 32
9 59 87
41 29 77
97 35 61
76 40 28
61 1 63
11 9 46
4 36 77
82 72 3
42 74 64
20 58 69
49 62 8
34 48 47
92 25 72
56 24 39
49 88 76
59 91 62
86 82 20
18 24 19
15 48 54
70 88 23
59 13 38
41 4 29
7 47 55
56 20 55
68 7 26
36 46 1
53 34 50
59 31 97
47 69 34
30 25 53
73 88 19
55 12 69
11 65 75
30 50 23
93 86 23
69 49 29
8 32 60
88 98 71
20 85 52
87 81 9
83 53 56
80 26 27
96 6 23
5 36 22
67 89 95
37 93 76
13 49 78
97 65 42
86 81 31
62 58 36
45 67 75
29 49 91
92 8 61
54 37 13
76 58 13
96 89 98
72 21 53
46 4 76
99 37 4
86 97 13
95 41 61
53 93 15
2 68 71
16 98 74
86 38 47
22 20 9
3 36 69
16 32 24
1 10 36
54 87 52
6 31 5
73 97 92
93 59 88
18 16 86
22 98 28
11 31 98
20 99 15
95 70 80
95 84 100
58 25 35
60 21 64
78 72 59
16 93 82
13 54 63
67 27 5
18 51 17
37 43 38
38 23 80
21 73 46
33 25 91
10 59 14
75 97 50
89 69 55
51 60 31
4 19 98
87 59 58
75 55 45
38 69 31
4 76 99
14 79 51
29 9 26
71 39 15
48 59 88
45 94 13
79 80 9
92 20 21
51 64 5
73 76 31
22 36 53
28 40 43
19 59 67
91 85 46
62 78 81
29 9 71
54 74 13
100 74 17
19 42 13
21 72 53
85 90 40
79 48 56
49 86 14
19 28 99
32 77 40
90 37 2
94 27 73
94 99 51
76 8 31
64 40 41
6 65 85
86 42 54
71 14 5
15 81 55
74 33 20
17 82 20
95 87 97
47 33 51
13 22 50
7 62 76
97 9 87
3 59 28
72 74 79
38 78 64
6 69 89
31 95 14
14 72 2
92 52 17
29 8 93
76 72 65
68 82 37
23 33 56
86 24 82
28 97 2
89 87 48
89 4 66
11 7 55
83 86 87
56 13 71
96 71 19
92 30 5
40 25 21
23 3 9
24 31 61
65 95 30
83 29 73
38 6 86
24 13 84
71 18 67
69 64 93
9 74 68
26 90 4
41 87 86
48 6 92
81 38 64
6 29 31
73 83 67
48 25 45
36 88 17
67 90 73
94 64 41
86 17 58
82 78 96
94 76 51
94 24 42
20 43 87
24 64 80
92 15 48
70 83 49
81 52 100
43 63 60
79 1 100
66 74 13
14 78 22
82 50 69
73 93 43
1 12 93
58 68 5
59 56 86
14 37 53
62 19 61
90 87 27
45 97 11
90 61 74
43 19 38
78 56 68
32 60 30
51 54 72
47 85 29
99 2 70
28 22 88
31 34 74
35 31 73
24 54 81
22 35 92
12 96 71
64 36 34
10 28 61
31 88 92
41 32 11
42 27 13
76 92 45
67 33 81
81 1 35
72 84 53
19 45 66
85 68 41
30 31 19
16 69 61
91 13 33
4 38 54
72 60 68
72 24 55
30 57 77
54 45 8
22 37 100
10 21 13
71 3 93
20 58 2
16 91 30
20 48 46
46 5 97
49 52 97
58 26 45
79 61 35
2 44 43
18 33 78
20 30 15
1 94 55
83 46 9
13 51 66
30 81 82
13 4 37
10 35 24
33 42 51
46 61 18
30 57 4
21 63 19
34 36 25
89 23 98
27 1 32
68 67 48
97 5 84
99 63 28
62 60 58
65 28 54
55 73 88
22 32 86
63 47 68
66 1 93
69 55 15
52 31 59
46 94 79
29 43 62
3 88 22
26 80 42
55 81 57
47 72 62
98 27 63
4 84 70
58 78 3
90 92 93
34 2 29
83 2 45
38 50 53
5 26 42
36 49 28
31 15 49
79 54 24
64 2 33
47 14 91
9 24 87
67 96 82
8 10 56
6 97 65
26 50 58
27 78 92
78 63 47
58 21 36
34 64 97
74 51 32
91 74 38
32 11 63
78 89 85
22 8 55
41 43 60
42 29 9
5 11 70
28 45 57
72 13 25
1 6 53
13 96 2
74 44 52
12 30 27
86 41 65
96 82 85
77 93 19
29 64 77
13 15 47
18 96 11
76 79 8
59 8 84
1 37 66
28 71 87
30 3 42
48 11 64
74 17 60
47 91 34
16 7 87
50 27 66
36 8 98
38 23 32
55 4 93
25 63 81
70 49 17
40 11 14
99 47 16
9 33 78
37 56 28
66 8 32
65 92 52
5 91 63
12 26 98
16 28 59
77 88 91
28 61 53
88 11 74
5 18 82
95 54 86
35 33 82
84 95 41
13 60 36
31 45 3
47 29 40
4 30 91
21 8 34
86 56 46
7 85 55
27 70 65
77 44 47
99 41 52
61 23 80
25 7 1
94 47 92
23 70 67
61 95 79
52 61 74
5 3 38
13 73 40
58 78 66
62 97 98
53 7 97
66 90 86
53 86 14
64 70 14
39 40 42
11 47 52
51 20 2
57 8 45
54 23 83
91 39 1
59 6 50
41 50 79
10 95 41
75 98 62
71 80 58
24 28 32
40 63 75
84 18 40
23 67 91
48 57 35
2 67 25
75 90 55
49 85 5
58 98 50
37 62 5
98 7 54
59 33 37
44 98 67
30 21 92
24 48 13
91 15 31
28 90 56
64 8 27
63 44 31
21 27 90
15 4 18
31 77 11
61 83 6
13 53 64
79 69 34
49 37 48
74 84 92
68 70 31
49 90 24
100 21 4
49 20 57
52 4 41
36 74 40
41 64 68
31 38 81
14 49 46
55 61 3
55 14 31
25 75 71
71 90 24
98 58 21
57 54 41
60 40 98
66 65 29
77 2 82
76 66 10
81 89 50
77 69 78
34 29 51
18 19 78
4 21 7
27 18 13
21 62 25
23 1 90
12 100 50
59 89 54
51 30 9
34 3 49
55 20 68
26 18 65
26 15 81
92 53 24
31 26 69
12 88 74
1 13 98
33 78 82
19 2 76
2 74 90
8 43 100
38 44 64
81 49 57
94 14 43
67 37 86
46 10 75
96 12 99
20 47 13
84 16 29
43 37 10
19 7 99
89 58 78
38 80 34
80 66 97
23 12 69
41 80 32
92 34 54
54 79 58
54 10 30
9 98 26
6 21 34
88 71 60
81 23 6
89 9 80
14 71 15
62 55 66
56 20 96
79 21 38
73 54 60
67 7 45
99 62 7
56 76 74
52 28 74
42 89 1
15 85 94
3 91 54
9 58 60
27 64 32
50 2 94
55 40 41
71 80 59
91 80 92
15 19 70
68 69 5
41 38 36
37 92 82
42 6 91
86 80 74
90 48 14
40 66 83
31 78 37
31 81 45
86 27 58
17 94 7
68 13 59
94 98 68
49 68 50
38 13 51
100 81 84
64 89 7
81 17 16
78 91 61
6 89 60
68 53 20
99 4 56
26 17 92
66 88 15
84 80 53
27 57 20
40 14 74
35 22 1
55 5 65
6 90 84
68 4 2
31 14 17
7 25 77
41 18 44
37 24 22
93 33 25
5 85 28
56 35 15
82 65 99
1 20 77
74 86 66
52 19 59
57 39 17
20 35 37
34 35 91
73 4 48
95 30 14
33 100 43
97 76 77
49 84 91
64 70 84
48 34 96
72 81 100
86 60 97
73 7 99
52 74 71
87 63 20
65 44 23
100 71 42
36 33 39
91 13 29
32 22 35
65 52 53
21 50 31
96 33 40
79 88 67
10 62 43
58 81 43
7 27 66
88 26 84
84 65 30
87 42 4
30 26 73
59 11 4
70 90 64
23 71 54
36 84 92
1 95 56
82 27 28
42 31 44
83 12 1
87 31 71
63 94 93
65 80 27
6 22 19
26 61 62
94 36 44
8 43 31
64 95 36
47 19 68
90 37 19
9 4 35
92 4 45
11 26 39
91 18 22
6 7 73
37 64 8
51 8 98
66 6 73
43 93 72
25 11 81
48 13 71
65 80 74
47 96 35
83 56 59
85 90 11
91 55 77
93 27 54
54 77 68
80 65 71
23 2 25
82 42 33
6 17 31
56 66 80
73 68 13
90 77 64
1 58 52
36 49 26
49 41 45
47 26 23
24 84 34
81 9 71
5 4 16
49 60 99
55 38 22
82 54 8
23 78 59
27 55 51
6 73 34
55 2 30
43 74 48
46 90 7
12 94 78
70 45 81
43 86 13
64 75 36
9 92 82
97 1 74
48 13 7
43 78 32
48 57 13
86 15 90
58 65 67
20 21 42
79 20 49
12 8 14
83 72 94
21 6 57
18 75 35
37 92 12
48 97 27
76 78 82
77 42 12
33 97 63
10 45 77
74 78 66
1 96 83
95 1 39
51 11 3
87 3 85
9 89 14
2 83 87
39 91 100
32 90 79
90 52 12
70 48 83
33 91 15
67 4 27
3 26 77
43 2 12
29 18 55
76 14 18
21 35 12
53 62 18
73 31 62
4 12 90
7 87 24
24 3 61
51 24 15
22 79 20
65 40 73
78 69 83
57 78 4
50 37 47
51 62 73
36 54 45
82 12 50
90 93 75
67 59 54
66 3 59
39 32 41
19 77 3
44 90 70
29 9 2
89 33 86
74 34 5
89 14 21
17 96 21
13 73 21
11 87 27
45 15 19
37 1 35
38 86 97
95 72 46
40 18 45
54 16 63
58 15 20
9 29 41
92 25 1
76 10 6
50 20 69
10 86 73
54 92 45
22 87 41
20 83 44
38 7 97
28 76 66
95 39 13
93 26 60
53 30 13
65 95 68
17 20 11
82 8 61
76 88 28
9 26 39
47 29 15
14 36 55
81 36 92
52 45 21
79 75 55
1 64 25
71 26 16
1 58 88
37 34 31
25 37 23
71 79 50
3 91 76
76 78 8
47 91 46
55 78 49
63 19 27
21 61 96
99 56 33
16 4 89
35 58 77
68 78 7
2 59 89
25 85 18
77 69 20
13 11 28
84 51 87
66 50 29
29 84 51
24 79 66
77 19 75
50 12 45
43 82 94
57 78 68
63 30 88
61 51 77
85 73 65
77 41 5
36 3 84
20 92 1
33 50 44
88 48 97
9 88 22
49 12 81
36 49 55
78 71 40
52 86 84
57 10 61
79 74 29
45 10 46
9 94 96
76 31 65
31 5 73
67 26 16
35 58 13
20 90 76
99 34 14
16 23 63
58 45 86
40 39 48
73 90 54
80 2 65
78 45 76
76 91 14
99 78 77
16 88 27
40 65 38
10 82 53
93 91 23
33 98 74
82 36 4
44 37 98
66 41 55
65 30 43
37 53 86
35 55 23
1 41 57
38 40 64
9 66 93
26 14 80
60 45 22
69 4 64
92 22 36
52 41 47
62 40 61
84 3 83
83 10 73
40 32 84
10 28 85
76 82 3
35 29 74
24 11 45
65 98 44
64 66 55
98 10 8
96 38 91
25 33 8
37 82 31
12 65 81
83 40 94
61 68 54
94 18 68
90 67 88
59 73 53
58 1 60
41 45 65
62 85 79
54 75 72
53 33 95
65 92 31
18 35 59
84 9 96
47 7 33
10 29 80
27 33 44
88 28 26
35 36 30
35 89 5
62 12 29
78 75 86
61 6 75
90 61 48
88 60 37
8 34 21
75 52 48
78 14 7
24 26 88
88 90 97
48 26 11
85 43 95
66 17 48
55 99 53
43 94 64
37 4 48
53 49 39
35 18 89
29 58 34
36 44 2
70 42 28
34 64 59
51 35 94
98 54 99
78 54 40
77 19 94
34 50 44
14 88 43
17 96 90
12 22 64
44 79 100
4 56 27
5 100 82
5 24 19
76 97 26
9 49 90
50 62 46
100 36 15
68 5 100
24 58 13
50 3 84
43 49 61
32 7 28
94 49 21
13 26 97
42 40 97
91 94 78
90 16 41
75 71 41
6 60 100
66 17 29
70 50 72
90 22 47
76 41 99
71 88 27
95 54 62
70 45 46
97 74 63
85 24 90
97 34 61
78 82 27
43 31 33
96 88 11
88 64 38
53 64 52
25 23 92
52 42 90
80 14 13
82 100 52
99 15 89
78 2 82
70 99 73
100 15 40
65 84 30
55 60 83
100 52 8
9 19 70
96 81 91
64 41 70
93 65 55
16 38 33
9 24 5
21 22 20
1 62 57
68 61 40
48 50 41
28 25 77
52 100 37
59 22 87
60 21 44
49 77 98
21 87 45
8 3 6
38 94 100
70 9 69
16 34 9
11 31 44
74 44 15
14 76 72
3 32 12
26 39 11
1 9 21
88 21 83
48 65 11
27 92 23
41 81 58
84 85 91
10 53 34
54 62 6
88 1 29
100 99 22
15 79 36
95 46 66
8 42 50
16 27 51
65 16 13
34 87 31
42 57 36
88 43 16
1 20 18
59 75 60
94 18 38
24 49 30
35 21 34
16 96 33
82 79 80
37 100 67
97 39 76
100 13 97
6 99 5
2 32 51
48 84 65
78 11 30
90 91 19
46 76 83
47 93 4
79 20 82
60 65 3
72 91 44
5 48 82
21 89 95
56 76 45
32 59 71
14 8 80
41 94 81
9 26 74
72 92 10
1 3 51
22 59 35
37 58 53
2 49 39
62 20 64
44 85 77
75 4 37
16 83 20
71 62 11
51 89 99
64 95 90
88 94 46
2 64 89
49 37 89
42 20 95
60 8 68
11 67 61
66 95 2
22 16 83
37 80 54
23 83 77
54 44 71
7 76 66
54 56 63
30 8 37
38 18 96
81 34 37
91 51 50
99 55 94
33 9 21
74 9 20
6 16 86
46 48 85
71 20 50
44 88 31
77 24 9
84 96 59
9 14 34
28 63 47
19 34 37
94 36 26
2 3 27
7 74 27
19 96 27
97 87 6
63 1 17
62 55 32
9 85 77
37 98 21
15 65 40
17 54 31
57 15 18
37 12 29
38 63 41
97 59 53
12 23 100
67 20 98
53 62 86
22 24 69
33 98 60
31 99 5
18 84 51
10 36 65
15 31 8
37 81 77
51 1 29
26 27 2
44 29 47
55 65 82
13 66 56
22 49 47
12 62 66
68 46 72
54 44 46
17 57 90
4 29 14
35 27 64
97 55 64
54 84 80
75 45 77
9 42 18
20 78 26
65 93 19
41 61 28
94 72 52
7 5 50
22 83 60
70 12 71
59 78 69
31 67 50
6 46 70
28 93 40
16 91 47
70 3 13
74 16 88
57 41 32
14 46 64
21 35 79
51 32 23
86 49 73
31 88 80
83 47 35
20 34 46
91 13 97
1 55 78
47 9 77
83 20 44
15 7 56
98 18 58
72 12 2
53 34 58
75 8 18
25 32 18
44 51 31
76 10 80
78 44 35
73 71 21
64 53 24
32 64 92
66 65 69
42 64 1
97 59 49
41 89 59
8 59 95
77 81 29
100 5 20
67 14 86
4 92 10
41 23 44
28 72 48
48 89 14
49 6 14
100 48 79
83 39 31
98 39 38
35 99 22
66 85 84
30 96 70
95 34 20
53 4 52
68 38 12
50 46 58
76 25 4
21 100 78
62 9 90
96 63 12
51 36 44
95 83 50
81 4 7
74 33 27
58 60 45
75 22 67
44 42 39
78 81 14
37 7 26
66 81 16
24 18 35
70 74 58
67 80 30
5 49 13
98 48 23
93 100 40
41 1 96
46 42 49
73 50 6
18 14 34
26 73 78
8 48 62
10 29 35
23 19 31
41 43 5
15 42 87
1 60 40
23 15 74
94 37 48
34 88 58
38 46 32
17 94 36
26 69 53
44 28 83
99 30 75
24 21 54
35 13 31
20 19 47
77 79 73
71 97 79
65 71 100
29 83 30
8 100 82
78 43 58
38 23 74
53 62 10
20 31 59
11 84 46
79 35 24
68 9 73
67 86 4
76 10 35
42 32 94
96 27 73
73 37 54
29 30 32
12 22 7
22 79 97
89 3 96
48 59 79
67 12 55
70 41 87
92 45 100
17 63 97
75 17 85
32 91 33
5 48 55
15 46 26
40 90 16
48 88 41
34 86 3
34 2 79
18 100 23
36 83 31
35 43 50
37 19 92
58 70 54
5 52 16
92 46 64
78 10 91
49 55 31
19 66 73
80 57 26
28 10 53
10 58 17
43 67 52
9 96 8
31 45 83
53 7 46
69 52 28
42 91 98
38 91 66
5 38 83
55 43 69
82 36 69
25 14 38
85 62 13
57 53 3
96 93 29
4 47 71
62 46 73
91 40 74
17 91 29
90 97 92
91 50 6
22 60 1
65 2 4
66 72 64
91 97 32
31 87 50
85 20 88
50 38 80
74 59 43
57 3 29
84 87 82
26 68 85
91 57 42
39 43 83
89 31 18
32 47 40
63 61 78
66 65 85
43 1 86
28 82 75
62 79 54
95 14 48
12 53 42
65 85 44
58 1 88
64 9 20
87 72 19
98 60 11
26 3 66
25 31 93
25 84 2
99 72 52
85 16 6
28 8 31
8 41 2
10 97 40
23 37 65
35 23 84
93 32 6
63 31 54
65 53 66
20 72 35
90 3 72
10 57 46
50 15 72
56 60 90
4 57 84
62 59 49
99 3 55
53 88 77
89 63 49
84 65 25
69 91 82
73 26 93
32 92 37
70 45 82
68 18 41
68 59 23
47 41 62
32 73 54
26 74 87
2 66 26
99 96 92
19 29 22
92 22 47
73 76 95
24 54 57
93 28 13
21 92 39
40 85 43
55 99 48
89 39 85
25 12 58
49 22 44
71 13 74
16 38 15
20 30 71
39 80 48
65 52 17
86 10 42
99 2 93
7 27 2
92 65 26
69 19 20
42 73 85
80 95 91
85 60 56
31 51 40
48 41 32
29 36 65
4 51 93
71 59 83
39 10 90
34 56 21
2 96 9
22 77 57
8 87 20
42 49 31
57 35 30
58 62 43
37 35 57
3 11 73
77 52 35
15 45 83
31 85 16
54 91 20
20 53 16
77 23 11
39 73 47
98 17 83
33 79 93
82 45 5
88 60 51
23 40 68
65 42 20
8 79 22
59 74 55
76 20 92
59 3 69
45 19 94
90 75 77
11 65 36
3 84 45
2 63 53
62 94 41
87 62 97
84 26 100
17 70 7
25 2 12
27 16 59
26 33 85
98 61 76
29 38 75
16 67 64
55 47 71
72 85 15
16 52 4
47 31 9
18 22 98
81 80 39
29 61 28
97 68 64
43 80 88
83 6 92
63 22 34
70 78 39
78 49 69
50 74 51
38 69 74
36 93 73
5 38 72
80 74 42
97 48 86
86 40 75
83 11 63
13 93 9
79 68 96
53 9 70
65 37 41
96 56 74
90 68 69
67 49 4
25 13 98
73 75 67
29 15 96
94 25 83
40 92 47
61 14 86
93 48 38
18 5 58
57 56 59
40 77 7
5 20 77
14 86 49
82 2 5
33 3 53
5 66 7
89 33 91
18 96 32
95 9 42
36 18 5
21 2 79
16 81 32
50 62 36
6 63 95
80 66 31
2 27 13
41 42 1
59 54 20
70 45 78
32 25 78
31 70 14
91 32 51
96 9 83
64 33 55
26 92 24
71 91 40
63 71 48
67 92 47
90 79 9
65 53 33
69 90 20
63 19 89
79 17 45
74 67 77
39 43 29
51 6 81
90 2 14
88 25 49
84 57 56
83 41 44
38 80 57
30 71 62
94 73 72
91 93 61
4 33 81
73 83 97
53 22 27
29 16 39
64 35 95
98 96 11
35 18 27
45 100 58
79 78 57
52 79 45
69 17 37
7 57 97
94 7 6
30 69 60
82 90 86
27 42 48
20 17 59
26 100 57
10 37 21
42 100 88
81 92 89
88 17 67
23 39 84
4 11 62
4 23 96
21 10 20
27 100 79
14 81 97
2 40 66
51 32 6
62 13 37
48 39 75
25 98 55
33 87 84
50 97 16
22 57 85
68 78 84
34 49 88
17 99 20
23 18 45
8 34 5
67 52 26
73 76 4
62 48 12
14 34 40
8 82 17
22 42 37
29 85 25
38 80 6
71 23 60
52 15 9
74 79 97
40 100 49
7 22 8
52 91 22
48 68 23
9 80 32
27 72 33
44 1 79
15 10 29
53 8 25
88 24 58
49 59 63
83 61 12
79 33 1
88 10 13
60 93 34
31 12 17
37 50 36
51 3 27
71 30 36
56 29 77
32 63 71
14 61 52
6 54 36
15 84 63
90 85 42
94 16 74
45 91 12
40 44 87
98 6 22
6 40 59
92 53 45
51 52 66
80 46 51
93 12 84
77 49 54
85 79 95
47 30 34
42 86 59
89 76 53
18 14 24
75 68 45
45 68 67
86 58 18
72 2 42
23 14 71
22 71 63
3 20 47
97 62 98
26 31 23
79 11 17
85 65 3
5 94 9
100 36 87
39 14 72
29 5 81
99 52 29
20 72 86
16 29 28
70 98 76
44 73 12
48 34 93
13 55 53
73 84 70
64 88 36
53 17 45
45 59 46
50 26 58
96 99 56
68 56 54
18 29 55
1 82 20
15 95 16
60 59 6
32 13 9
14 30 75
94 47 57
47 22 43
23 52 88
4 100 28
58 48 84
82 69 21
68 5 15
75 9 78
96 1 4
85 90 44
85 86 60
22 1 5
8 49 29
54 63 10
26 75 82
9 22 79
14 18 8
4 77 62
70 54 31
82 65 38
90 7 39
82 94 3
85 46 100
91 68 52
73 21 69
11 13 72
33 60 72
17 42 13
5 72 47
35 50 24
56 75 55
23 86 99
22 49 92
37 45 83
78 88 6
3 17 31
88 42 87
15 51 89
52 76 54
56 69 66
71 56 44
48 51 87
37 66 73
35 98 45
53 73 44
49 17 54
10 3 2
99 54 95
95 81 21
70 47 39
60 19 65
93 60 63
100 77 60
55 51 20
66 18 34
49 30 28
42 57 46
66 6 94
63 15 18
2 24 79
80 74 93
22 29 28
97 30 37
4 100 89
42 86 55
69 98 8
24 37 55
65 10 13
50 43 53
64 35 13
46 97 64
32 9 7
16 36 90
78 83 29
22 35 62
34 26 60
36 33 9
51 43 62
91 39 58
72 62 10
44 57 98
19 88 49
76 20 61
55 17 61
4 52 67
41 74 51
100 41 92
65 12 19
22 42 9
49 4 31
97 66 19
14 33 36
91 87 31
90 15 24
13 68 30
19 55 61
41 39 24
36 85 96
82 2 22
39 24 63
48 40 61
83 53 26
45 11 3
96 45 32
3 10 84
8 82 84
80 54 79
40 51 46
62 94 5
63 91 45
10 42 85
67 26 11
63 54 81
94 78 20
75 98 28
84 5 54
37 65 20
51 87 3
93 20 58
83 71 85
46 18 66
11 10 7
35 42 91
81 90 84
62 32 17
80 69 76
96 50 70
21 49 98
68 55 60
30 46 87
53 97 33
34 8 2
77 32 97
66 47 31
48 61 50
5 15 57
48 52 92
88 58 73
56 47 22
22 9 76
31 20 94
26 86 35
83 13 56
88 68 84
8 1 54
45 99 7
58 95 77
88 32 75
94 14 38
95 80 73
28 89 42
48 51 27
70 57 31
15 39 26
58 64 94
58 62 29
89 28 60
34 25 74
9 57 97
74 77 14
50 38 7
26 6 89
68 92 87
40 64 62
76 9 93
19 31 2
97 33 25
74 26 20
2 65 87
67 51 88
46 19 85
54 40 66
7 41 59
91 21 97
70 85 55
86 96 65
33 86 96
74 4 11
80 3 13
98 68 16
1 27 16
18 88 46
30 50 86
37 14 66
47 44 41
59 40 89
47 63 51
64 53 93
8 25 2
45 42 57
94 18 70
19 60 26
14 15 38
77 26 81
2 80 49
1 73 23
78 76 58
53 88 11
34 8 86
84 34 97
17 10 96
11 47 78
1 57 99
11 22 68
17 28 54
97 72 77
60 76 65
16 13 51
29 81 15
26 41 43
39 98 13
100 16 62
67 98 38
48 18 68
46 9 83
45 94 40
38 63 60
24 96 95
30 12 67
15 40 11
63 59 41
69 68 16
51 72 87
18 73 66
30 97 6
6 98 59
88 76 3
19 18 87
71 73 21
1 11 44
65 57 30
48 20 21
66 58 19
97 32 19
100 91 54
82 3 52
70 66 30
84 54 2
92 35 42
68 2 95
90 29 64
4 23 27
90 91 10
32 68 65
59 56 29
17 47 77
89 8 73
69 18 24
58 95 39
43 31 86
22 86 48
62 72 89
30 52 42
84 37 20
22 98 95
68 26 21
68 12 24
11 30 33
47 32 4
7 5 27
26 98 41
3 46 28
99 47 85
90 48 53
29 38 56
31 79 86
10 21 64
75 80 68
1 45 38
17 92 38
68 85 13
49 14 81
14 20 96
16 87 13
15 88 96
37 22 77
94 17 62
22 51 83
15 55 2
8 63 99
61 21 30
39 60 88
95 54 77
52 15 90
41 46 20
77 10 56
88 57 94
4 28 5
35 96 27
41 27 98
100 24 3
54 51 100
34 7 9
73 3 49
50 25 66
60 47 12
90 34 86
16 85 98
69 80 48
44 64 80
91 26 94
19 3 80
30 59 100
40 32 1
73 49 63
98 69 41
7 29 21
41 30 54
92 16 90
98 90 26
83 24 20
6 31 55
70 90 89
53 45 22
90 48 72
60 93 15
54 34 30
43 50 24
9 75 30
72 68 96
55 38 69
94 13 9
58 91 20
11 55 78
81 57 15
91 64 79
53 16 10
23 88 98
7 18 4
41 49 82
46 53 82
38 58 52
82 70 59
51 48 71
35 38 59
58 95 59
91 24 8
69 41 18
96 27 5
61 9 59
71 56 58
22 72 1
75 18 77
56 74 73
80 45 39
12 34 13
23 84 32
12 73 8
94 74 81
63 85 82
34 27 33
86 25 10
58 88 67
71 10 32
75 93 91
59 7 47
36 75 56
92 70 69
12 49 33
15 28 11
97 30 23
67 14 59
14 39 94
72 11 32
9 69 10
88 25 31
10 84 39
90 14 46
41 50 17
79 30 23
26 72 51
57 43 70
44 16 66
47 26 92
13 83 86
57 69 88
62 14 13
26 62 56
24 22 9
16 67 7
5 96 31
97 61 54
18 17 2
81 96 14
8 94 33
3 69 6
14 96 82
33 36 5
58 55 4
75 59 70
11 26 55
42 10 38
11 34 86
12 66 58
66 51 24
55 93 34
45 13 60
61 45 22
34 20 3
50 61 69
15 55 58
10 72 68
20 57 90
60 48 18
39 48 73
38 32 53
91 73 90
11 77 75
17 7 43
7 49 90
32 88 47
78 80 91
7 20 6
28 56 63
4 76 47
71 50 15
4 94 88
27 45 91
18 33 47
84 47 82
74 34 73
60 65 46
2 50 4
54 32 26
45 97 17
94 31 71
90 93 28
100 8 18
29 14 100
41 5 37
83 9 76
11 17 82
7 96 11
51 30 100
2 91 24
38 7 28
16 31 32
16 66 20
36 51 19
76 17 41
97 5 93
68 73 29
39 12 18
19 56 43
70 92 69
95 39 91
94 14 11
76 92 28
80 21 51
51 79 52
43 3 64
85 72 23
69 63 95
44 78 100
11 84 96
6 28 10
64 16 23
8 83 73
30 37 36
35 25 16
21 87 30
33 85 68
80 50 22
1 54 7
79 50 24
100 27 52
72 48 28
69 11 47
95 87 51
68 12 31
36 49 72
97 46 63
74 78 36
91 74 88
51 4 18
58 47 60
85 7 36
68 9 74
22 46 42
49 62 28
10 15 60
79 69 93
10 37 81
59 36 62
21 46 73
2 77 69
61 16 18
61 3 49
67 21 41
68 19 18
85 8 21
94 70 80
19 32 45
53 91 8
72 29 41
88 99 27
50 78 92
69 66 54
71 38 32
80 27 16
25 38 28
71 47 15
74 66 12
81 39 64
7 69 64
86 37 1
11 7 73
9 45 39
49 32 22
85 3 76
9 70 12
69 31 39
22 39 34
23 36 67
18 8 30
39 62 76
66 71 19
73 94 75
70 93 39
42 15 87
50 5 10
54 68 17
29 89 87
89 70 51
87 46 56
70 17 2
87 32 15
62 29 25
3 43 29
36 80 93
10 8 50
4 98 45
78 26 1
26 98 46
46 32 64
12 91 89
71 65 35
70 8 40
31 94 62
53 77 8
93 28 97
2 36 77
40 67 38
87 3 46
69 7 72
76 44 35
55 36 46
74 4 93
47 17 84
60 63 31
63 93 85
43 72 27
61 75 62
74 39 7
76 83 72
89 27 99
27 31 15
30 2 42
77 24 18
29 32 80
85 53 72
78 59 26
50 94 62
38 93 21
71 37 60
91 42 25
93 22 65
87 46 78
27 29 6
82 62 77
62 10 40
38 16 5
38 69 48
17 70 91
93 69 65
69 98 22
59 72 22
32 15 39
5 59 11
81 64 94
62 43 82
51 94 74
43 21 38
48 1 17
16 97 98
2 68 28
10 76 82
91 61 7
11 87 19
13 58 11
38 87 60
24 55 39
94 89 37
96 72 87
98 54 77
20 16 93
49 20 99
28 40 36
68 76 45
11 37 19
15 93 53
78 62 2
63 86 93
38 54 94
79 91 16
95 40 84
55 6 14
66 27 26
15 65 61
66 4 75
95 33 10
73 37 10
32 38 40
10 93 79
49 32 28
46 12 17
37 17 94
60 54 7
4 27 30
32 1 90
68 91 45
84 83 93
22 16 60
13 43 6
73 100 52
54 13 57
69 67 48
79 50 68
29 25 95
95 17 27
83 87 49
56 95 8
15 63 72
20 72 53
12 40 58
51 57 59
60 12 22
2 62 26
7 97 92
26 51 33
24 68 73
19 52 44
72 48 36
53 26 1
48 4 42
20 46 21
1 7 21
76 22 54
78 14 53
76 86 61
78 86 76
41 73 38
76 16 25
89 53 73
58 31 98
57 15 28
55 62 51
44 74 35
78 26 9
67 16 52
55 93 66
6 9 65
20 21 49
13 18 54
47 26 10
7 64 19
97 85 9
90 17 44
65 87 82
94 77 6
87 34 3
76 92 20
1 88 90
4 60 93
39 76 84
16 95 81
45 48 90
75 90 5
67 62 82
82 15 20
17 68 54
59 73 88
92 46 26
27 10 60
62 28 71
79 96 29
2 51 63
44 69 40
97 70 95
82 10 45
82 86 89
31 50 64
70 31 47
95 47 56
61 75 76
89 25 51
67 49 94
48 79 58
15 58 6
60 26 2
85 19 21
63 91 13
97 45 10
53 75 97
45 36 35
33 81 77
100 94 4
69 11 40
18 54 55
42 75 69
80 78 7
2 46 38
83 96 95
9 54 78
66 10 88
96 93 29
3 58 6
40 75 24
12 48 65
10 63 72
56 61 55
2 88 81
97 95 16
41 3 32
93 48 46
70 13 29
45 70 55
57 95 61
89 23 49
49 76 1
89 1 83
5 54 14
22 86 94
7 68 60
64 89 47
65 29 70
35 14 92
79 98 29
29 33 10
60 56 93
59 38 31
34 91 9
9 10 79
28 51 80
8 41 26
93 14 1
79 46 75
87 28 73
75 39 76
41 3 68
93 95 63
63 83 34
85 33 39
59 42 55
89 78 63
97 59 92
65 69 95
21 80 64
63 7 74
45 71 63
26 93 39
8 83 51
82 58 88
81 82 73
36 43 96
26 90 78
86 13 16
7 47 16
91 41 31
82 60 12
91 35 2
68 92 95
92 10 31
18 60 9
96 3 68
72 67 3
93 14 52
64 89 73
34 47 66
46 33 76
33 80 49
44 74 38
93 73 76
72 13 85
89 58 6
86 50 96
51 84 31
72 87 80
85 17 40
12 67 80
74 78 98
18 20 62
37 82 10
90 57 83
39 8 10
99 49 50
53 17 92
9 26 76
59 84 69
57 25 14
25 59 22
67 1 57
88 27 71
48 97 15
21 9 46
36 38 37
5 1 89
63 14 8
64 94 27
5 75 44
98 6 30
25 7 54
33 48 18
71 66 15
78 1 4
2 39 73
58 42 54
90 98 42
94 15 48
13 48 50
73 25 30
39 28 44
61 95 14
85 98 90
68 81 18
11 82 53
16 7 71
51 78 84
94 63 21
93 7 61
71 98 93
83 25 41
30 59 91
67 90 7
5 100 64
57 54 72
4 73 56
63 100 56
4 88 62
14 11 65
38 72 32
82 4 70
1 11 88
18 21 14
96 14 36
70 65 6
48 56 62
50 13 96
61 74 88
76 31 27
68 47 87
33 10 25
86 69 70
60 73 58
77 6 34
78 57 66
12 54 59
60 86 50
36 17 34
45 26 53
18 41 100
35 86 1
25 91 71
80 92 62
63 42 59
63 74 84
78 91 45
61 95 14
41 1 32
89 90 88
59 88 41
85 80 9
54 8 7
44 90 22
92 36 52
42 16 69
22 39 66
71 63 61
10 84 63
56 9 26
18 92 6
80 92 78
2 29 69
57 66 80
84 44 21
85 57 35
71 72 87
76 18 38
15 97 70
96 23 64
87 94 57
31 60 33
33 65 7
53 61 89
27 25 82
27 95 46
41 97 24
13 83 56
78 38 19
19 12 99
1 23 16
14 86 10
62 26 81
54 3 55
8 44 13
89 99 82
1 43 83
73 70 84
7 3 92
54 48 43
59 1 79
45 5 58
27 32 17
72 83 55
25 39 88
8 30 92
11 59 51
88 30 91
24 16 85
36 64 71
51 44 97
42 72 43
94 61 65
93 84 39
86 43 97
92 40 68
3 13 63
85 13 8
54 23 99
64 44 1
90 55 97
33 14 10
85 99 75
81 96 3
29 35 99
26 60 20
2 61 90
9 87 89
99 20 1
18 40 53
69 97 87
84 65 67
70 25 78
84 52 56
87 84 79
36 50 5
100 13 59
61 13 100
6 58 41
92 62 71
89 11 35
92 49 63
40 77 85
42 38 99
13 47 11
35 58 53
94 43 91
52 30 62
62 46 69
4 52 44
99 18 24
2 11 47
58 81 17
11 83 58
73 6 30
37 87 69
26 36 8
28 51 33
48 63 91
43 47 7
58 16 13
12 51 26
17 13 40
75 29 93
16 37 52
99 56 92
36 72 8
71 95 49
50 44 16
77 50 55
1 4 36
3 15 12
44 86 36
74 5 44
84 56 36
43 99 94
89 66 90
14 26 11
16 49 38
52 47 63
97 85 87
94 15 18
90 58 78
24 72 43
12 34 97
83 63 16
61 5 82
100 52 39
69 83 18
72 85 51
24 21 79
70 80 73
33 61 93
2 89 82
87 91 36
47 89 30
82 28 11
42 68 86
66 38 25
49 10 87
38 51 40
68 80 86
12 30 84
20 93 41
48 73 66
50 35 69
91 34 39
54 45 9
94 4 53
11 83 71
56 93 61
49 31 27
84 45 13
48 38 67
93 46 25
13 20 84
80 41 72
42 51 75
82 100 59
22 5 6
25 18 79
14 2 29
100 2 3
58 92 39
85 61 74
6 23 21
51 50 59
90 11 15
67 39 34
45 41 23
89 80 5
62 24 38
57 94 31
41 53 47
28 12 16
56 48 42
54 79 31
12 30 25
55 97 66
2 31 3
16 78 4
73 43 94
14 38 34
78 5 46
62 47 66
55 30 34
48 15 37
57 8 55
59 74 12
23 44 46
39 88 25
56 22 11
36 50 21
5 27 70
97 26 28
69 33 56
77 94 40
64 57 88
92 98 21
45 88 32
45 48 58
62 10 34
91 43 28
34 78 37
73 75 37
48 97 92
83 50 35
6 7 39
87 42 27
67 59 76
62 20 59
68 61 89
90 14 70
85 39 44
74 24 25
65 31 99
15 64 90
73 52 24
29 64 18
19 73 6
89 34 50
98 35 3
35 22 18
62 7 98
10 20 59
25 51 98
94 34 52
16 72 6
17 61 15
48 71 69
79 76 90
40 70 68
28 23 42
80 67 44
95 30 2
63 73 17
88 58 39
53 42 77
91 43 8
79 48 89
9 91 18
85 34 74
49 50 96
47 88 39
29 40 87
19 92 41
43 5 8
19 1 69
35 54 93
78 99 6
44 33 85
19 4 73
60 71 36
17 16 100
88 43 31
21 94 19
9 57 8
95 87 42
44 99 61
34 37 6
91 16 10
39 29 72
76 14 23
45 87 51
13 71 32
74 16 24
68 66 60
55 25 5
54 28 55
96 79 12
78 47 41
99 30 27
6 23 34
42 47 15
65 55 95
75 14 94
8 78 84
66 37 77
30 41 97
78 30 68
38 41 23
9 89 25
19 29 42
79 47 61
87 82 68
30 26 19
66 63 42
87 1 96
81 84 13
17 7 73
46 45 38
8 98 79
19 91 55
8 32 3
20 91 70
11 62 65
25 96 22
53 49 75
5 31 63
96 76 51
13 61 93
45 54 82
90 86 46
84 61 81
84 35 83
55 21 93
33 72 88
48 55 11
22 62 59
64 24 7
50 4 99
11 13 69
67 10 19
94 71 88
44 89 64
37 14 19
48 43 47
52 58 70
87 9 97
47 43 48
95 71 4
4 94 61
8 69 80
37 67 89
84 94 17
66 85 83
29 33 25
74 6 57
58 33 27
13 56 97
68 26 79
67 46 29
2 8 72
19 97 32
40 81 74
50 80 42
42 47 34
59 99 89
84 22 89
82 56 99
41 57 27
55 24 2
32 61 28
44 23 89
39 20 23
59 97 32
73 9 88
31 97 80
42 31 6
4 2 15
62 18 86
55 59 6
40 8 100
17 23 72
78 92 33
85 22 50
14 8 11
42 22 26
24 73 18
98 12 35
61 34 40
83 50 67
57 60 14
77 23 64
67 8 37
44 80 7
82 46 83
98 99 91
88 27 89
1 24 65
98 18 11
33 87 25
21 53 1
68 47 37
13 31 32
87 56 72
30 2 50
60 23 3
25 77 75
64 74 57
80 24 48
1 2 46
4 5 52
89 23 59
81 49 45
38 59 95
79 9 42
51 16 96
82 37 1
98 82 92
89 52 68
15 93 69
37 68 25
70 86 99
43 32 39
35 41 60
75 95 97
94 52 64
30 13 69
1 18 94
85 71 55
59 70 30
91 86 21
95 91 30
96 24 100
96 21 88
51 62 41
36 95 76
77 54 86
64 87 76
30 8 76
57 91 73
57 73 16
83 80 87
77 10 48
82 52 35
40 65 32
3 76 48
5 11 12
98 42 24
100 24 35
61 56 6
91 79 97
32 61 37
9 36 65
68 40 82
77 68 19
52 76 96
96 76 83
90 93 70
99 26 69
90 58 45
36 6 13
21 19 80
41 95 57
70 33 48
28 9 8
96 58 39
11 12 45
16 37 54
5 48 20
62 49 71
71 27 73
45 22 98
82 67 58
50 42 77
70 85 30
98 28 86
38 45 36
16 28 77
90 42 75
3 79 43
56 42 69
47 70 7
50 35 71
94 98 35
49 96 72
96 100 11
19 82 21
89 60 44
53 27 75
11 74 14
42 67 62
2 23 39
12 37 79
64 14 34
74 13 75
70 25 98
17 79 26
21 4 19
53 18 12
76 30 3
2 86 21
73 68 8
72 45 18
39 25 26
58 66 9
86 19 38
64 78 57
50 92 58
61 48 30
1 10 94
57 91 64
18 66 24
32 6 20
75 6 100
41 22 3
29 36 10
18 73 70
21 15 18
63 11 8
95 98 16
78 40 61
83 87 45
42 67 20
86 50 37
41 28 54
69 14 45
75 11 93
87 71 80
88 47 30
53 49 67
62 43 67
88 99 80
19 66 82
21 42 24
60 76 92
64 73 55
82 18 53
10 88 8
55 46 54
59 81 90
76 52 75
75 91 69
63 42 30
33 91 81
77 48 57
90 40 80
88 34 100
41 84 18
14 11 76
74 4 66
66 55 91
1 67 75
57 47 75
54 68 98
3 71 4
36 96 4
34 84 23
90 16 61
12 96 51
93 44 29
42 80 78
100 93 86
91 44 22
90 64 88
74 97 4
92 83 99
71 1 17
4 90 10
55 61 16
95 3 92
57 78 84
45 9 36
3 87 86
57 80 95
98 7 51
14 67 16
23 13 76
54 61 48
89 90 88
55 81 56
71 37 27
66 59 6
54 99 75
8 10 99
77 24 76
64 28 81
84 58 3
21 8 26
34 76 35
67 63 22
59 47 50
100 28 77
38 33 51
14 24 29
41 25 33
42 4 2
31 83 66
71 87 65
3 74 97
24 70 53
40 74 87
60 6 79
2 5 71
98 65 27
14 13 100
10 42 56
26 14 15
18 79 84
33 41 73
52 16 95
92 87 18
60 22 93
23 73 21
25 4 59
50 11 40
95 58 82
9 59 93
55 81 68
64 50 69
96 15 28
86 90 34
73 86 67
79 14 89
31 93 33
9 93 64
16 94 23
61 60 11
18 74 35
69 65 5
3 25 67
66 8 75
33 59 40
11 72 39
42 25 88
73 33 61
22 58 73
33 36 21
62 45 43
67 100 39
24 43 79
79 69 70
61 69 33
42 96 30
26 7 28
99 58 96
7 27 22
11 35 61
48 82 33
97 68 8
98 37 60
15 16 11
59 37 38
70 99 13
44 6 42
71 98 25
19 89 1
8 39 36
30 99 2
75 97 36
71 70 16
69 23 77
87 56 66
37 39 63
90 63 100
12 4 25
64 2 44
14 61 60
53 10 100
57 45 28
98 73 66
42 7 28
5 34 86
29 82 78
48 76 92
19 73 99
14 53 91
5 98 38
48 100 37
3 50 52
95 31 32
8 4 31
76 89 92
19 3 73
27 91 29
42 88 51
10 83 19
70 60 82
20 93 21
3 58 41
35 72 39
35 31 5
30 95 47
9 15 62
35 61 50
23 98 41
42 93 64
37 27 74
71 94 66
11 14 33
12 26 65
80 82 60
30 42 83
37 96 47
18 96 82
53 26 4
58 20 95
47 23 89
10 12 43
37 32 88
57 16 88
16 70 12
35 22 39
98 99 13
54 40 86
18 44 64
27 81 30
4 98 15
43 58 1
44 18 50
63 88 92
62 72 46
31 49 58
37 96 71
6 23 70
28 54 87
29 6 17
77 58 25
51 27 83
57 59 82
54 78 46
3 57 43
79 100 52
7 19 58
14 81 97
55 49 94
62 66 44
45 93 74
70 54 95
17 77 85
73 19 32
40 14 97
61 88 14
14 53 13
35 27 9
10 23 41
45 63 2
49 35 34
74 27 82
71 17 48
55 35 26
61 84 65
77 27 51
13 15 36
78 32 65
61 64 27
33 98 34
30 71 27
16 92 13
12 61 29
49 16 22
55 30 1
29 53 57
19 45 29
45 34 86
71 45 4
37 94 33
24 14 100
49 92 3
85 53 97
56 99 49
82 52 89
11 73 90
98 61 68
65 20 94
11 92 69
50 63 98
68 31 52
90 100 22
45 66 54
96 51 60
75 14 54
8 48 74
24 18 85
56 88 25
26 2 76
33 98 64
42 21 27
55 7 64
75 28 89
56 4 87
59 27 54
28 18 46
82 45 11
99 70 22
70 11 64
98 25 72
69 43 30
64 43 8
88 14 69
80 29 84
73 17 59
13 10 42
88 27 67
50 72 69
7 55 85
99 63 90
95 62 21
55 51 50
82 30 64
65 6 11
28 9 46
20 44 73
3 5 99
72 37 41
77 38 83
86 95 60
65 37 29
62 61 3
86 59 82
51 43 19
2 21 15
15 28 50
10 7 53
9 44 60
46 90 36
32 81 84
20 58 63
20 11 44
31 28 7
3 41 49
40 22 77
78 1 83
65 80 60
95 52 10
75 31 25
84 69 87
23 22 37
57 66 39
67 97 34
38 73 55
98 30 76
34 16 57
27 88 59
38 6 94
21 35 95
58 72 1
49 56 6
82 46 64
14 95 12
74 49 41
15 9 44
82 21 33
68 20 66
24 68 1
39 78 86
4 67 8
82 100 44
64 80 42
76 31 53
67 65 23
41 50 77
14 32 27
1 77 21
37 18 58
6 5 74
44 61 91
57 66 5
75 27 62
70 23 22
79 96 8
13 2 37
67 1 21
22 66 97
69 54 67
40 3 17
60 36 65
36 45 68
59 64 25
98 69 63
72 42 70
38 12 19
25 68 74
93 20 50
72 28 38
1 33 64
46 64 4
37 74 13
53 19 67
18 6 46
4 65 71
4 16 30
56 85 31
93 53 78
45 39 13
21 13 5
47 17 72
2 66 23
34 40 4
88 7 95
46 28 94
25 18 2
5 41 96
91 16 6
65 96 93
66 74 32
54 9 6
50 31 1
69 63 66
63 23 35
57 68 52
33 65 91
6 25 99
84 4 8
17 26 13
46 6 81
99 20 95
63 76 90
25 93 74
16 29 60
57 68 48
68 14 43
80 13 10
36 26 16
23 30 86
21 46 20
76 75 46
71 61 39
87 59 49
45 31 93
34 15 61
65 61 59
3 2 11
30 2 90
87 30 91
44 61 94
80 6 18
56 59 68
15 40 95
98 87 17
89 50 73
83 92 10
69 8 4
87 54 8
15 54 72
68 77 69
75 44 78
45 39 27
85 34 13
24 83 48
14 67 28
5 83 18
32 13 24
56 100 25
61 52 36
79 75 8
85 38 24
42 20 43
66 58 54
59 68 44
88 42 93
22 72 18
46 42 70
31 15 92
7 20 29
94 60 98
63 65 5
48 38 27
70 15 71
74 6 35
