400
16719 515
4428 12531
25705 25080
29669 26367
975 3910
2013 8597
11098 9507
15089 22199
655 21452
28074 5044
3479 18203
9079 14423
28109 23388
27210 29278
18552 5213
14983 3373
23994 2756
2520 27076
26087 17317
24164 13039
17642 9812
10609 8636
3301 1144
4871 26162
5144 26721
5383 2112
8708 7580
9884 21748
672 10180
10177 11246
14315 7066
9732 16659
28915 3672
24201 9862
20438 3907
8529 13012
15671 24448
1164 5998
27155 23592
16461 15197
4004 20127
1150 11825
26245 5921
9972 18234
6424 26013
27427 17659
13605 29895
10741 220
24771 1593
983 2847
22140 18425
21301 17173
27820 14961
3831 16274
11306 4187
13900 7070
14890 14123
10662 1597
6498 6354
5382 23954
1644 5776
20345 3183
29548 9738
21474 17392
26354 17564
14075 24441
16930 13552
16023 9244
12818 15056
2298 1504
20595 18744
7306 12382
14196 22192
9975 2526
3299 19416
5466 19042
18581 16453
25546 1
14857 1115
25940 26039
4424 24731
13308 3962
28431 24912
25087 1312
16432 26692
20571 20176
26678 29416
20113 1798
2584 26068
26538 5995
10064 7515
120 9235
15452 27747
11038 5673
25668 2115
21459 9625
16781 18958
10978 11020
19853 7232
28661 19993
7632 20086
660 25529
6331 15763
23529 4348
23919 8511
21958 1531
25328 16002
25321 25870
4743 10387
7294 10815
24932 1002
18661 9982
11656 2668
16310 26134
25058 952
20226 3039
9656 2013
1500 1717
6985 7519
2072 9130
29105 18842
20307 23416
19980 9334
2052 27578
20446 1660
8944 4187
13491 8983
8724 29006
24322 1006
2687 6271
17495 20081
6573 1034
1713 1970
16188 10412
15657 19063
19112 838
12245 9101
9818 16841
2796 2143
17377 1358
19755 7111
7551 19301
71 13603
28903 28657
13251 23980
5957 15921
8500 14339
7807 27394
17283 1549
1978 24196
24484 16641
20257 11466
24485 655
8417 1750
20440 26468
24440 14276
14132 539
24368 581
20217 22582
1462 29263
23955 6013
26128 483
14529 5317
24575 22832
13046 5061
11361 24870
720 16678
29961 16909
7399 4825
963 7303
26392 685
11394 11763
3778 22305
12045 2739
129 28278
14746 11216
25146 16393
27369 1805
24390 2016
5301 19194
2722 20611
28214 3450
3973 20237
20458 7591
22372 17794
23701 6340
12019 24419
15239 19314
10397 15488
18461 13095
23894 7694
23178 13277
7039 27129
3543 22023
2010 844
10025 8393
10462 24558
579 25704
17277 13023
10059 2304
21220 25699
28113 13685
6579 18094
20749 25259
11661 22497
22888 12026
19650 20772
16191 1500
14123 11253
10979 28649
3670 4543
13796 7942
227 27055
4495 2777
17710 915
389 12672
10031 18468
17070 20610
11678 17845
26014 10757
6746 21228
1527 10818
18955 13793
2063 311
14086 8356
4628 1179
9074 17108
4973 28183
11945 6509
14626 18867
23009 28898
28079 10383
16396 19820
25909 27603
1277 11681
9665 15336
16331 23368
25809 2745
25722 15980
24084 26964
28888 26287
1906 26630
24742 16097
17996 6758
11512 7889
2565 3552
23263 12131
28609 25493
23876 21731
21356 11600
19991 5017
29183 5820
17066 8862
254 11989
16215 8430
24389 26013
3689 8381
17157 4624
2314 2015
2314 5209
19096 11651
2367 26694
13677 3183
5235 15354
4767 17202
2605 24290
19254 20678
24286 7402
7101 24213
22919 23024
4586 22414
12891 376
3457 71
28886 7842
18549 14469
18990 12378
10832 2042
12248 3535
27350 9262
10062 28454
18405 257
20240 28271
21152 592
13544 5336
6093 18646
24947 18464
10106 8309
15581 11343
16359 3973
12524 19877
8096 28780
11328 9936
17130 18798
27353 22370
4192 22215
10201 7809
14558 1479
7307 28128
20126 2398
28837 10479
22433 7944
2714 25679
24401 2202
6227 14729
19300 7566
5967 767
723 26603
1480 5155
24364 20985
6985 16870
20309 18531
18844 20340
34 8637
13784 4894
15736 2840
17052 26519
20483 8916
3989 15716
11445 13750
4678 24718
10688 21050
11272 18074
23014 9771
24911 906
7647 23152
5680 28229
25851 24873
29728 27493
24840 27131
23807 14352
12662 28839
3925 17209
18873 6626
24539 1607
5871 21089
11325 15558
10435 25651
27422 17500
24977 291
2092 14591
29131 10878
9366 8550
8859 19778
17132 16317
13257 19544
18438 23197
20704 26419
28504 4667
24972 19929
13220 5600
14663 8690
7104 19865
27188 3614
17561 19503
16203 26508
19576 7513
8631 3529
900 17457
28028 1957
1417 2229
1069 17788
8439 7343
22013 24547
12078 3847
2116 3170
16888 26391
17156 13969
19031 319
25565 3750
7298 20986
14174 19710
29994 21040
18540 21497
25601 25486
16104 9227
16253 15171
4492 22032
1497 17453
3862 4064
20318 22531
681 10020
13792 6356
576 26216
21899 2432
24452 10353
19168 28069
8720 15824
20986 26605
21683 20663
27414 12389
9253 15116
10322 28993
12318 700
2229 15102
24179 28754
1136 28569
27010 29640
11875 28159
11729 19356
3811 4548
1000
1474 8743 7099 23319
27562 5419 29040 21238
2386 23467 12746 2670
15996 2255 11151 2070
23770 21543 12178 3852
14940 15968 14060 15408
10649 19445 16010 19840
20848 17496 1720 16147
10223 18033 20251 1290
5235 29238 5653 27572
2017 20604 17701 18977
17205 27916 26813 8377
29577 22266 29816 29246
11545 1538 859 2095
948 3412 27996 16959
24981 29378 22048 1238
11331 25591 6409 20213
12469 14362 13936 28303
6842 3794 9775 11478
1640 19549 13155 260
9203 7132 17776 14972
21745 27633 14917 512
3228 6540 13793 1524
29064 15618 2837 6659
8629 19808 8588 304
26806 3582 2010 1728
8467 1319 18929 26790
17645 9239 4873 10126
29152 14198 1152 25006
25646 6597 24624 15370
11545 22086 1825 19224
10384 19777 15439 23155
222 22868 1197 23763
912 24331 18537 6205
8934 1409 6514 25207
4219 16485 17208 447
13592 17008 1971 1468
8470 20949 11686 11445
8691 11562 17445 10497
16886 4519 16213 23231
27414 25213 21107 20935
12569 23144 11031 11232
1785 1624 29114 9011
25483 12653 13174 24831
6498 22897 6414 26767
26098 9546 3886 11881
1729 3039 17396 12233
3331 15451 7598 7757
5781 18304 3814 29682
217 29503 27548 831
2068 27781 9170 22464
22373 19287 1870 1414
7816 7457 363 28685
8457 26955 9553 2654
8156 25614 20886 7766
27900 17286 5349 3207
25171 27400 12814 1549
16346 24757 1150 20164
13569 16719 29889 20744
6481 9804 5701 26700
6224 12841 21089 9759
21669 14081 17557 17036
18044 11102 11284 22418
22828 24911 5759 28884
3095 13243 10228 17296
6866 7668 9287 8917
28807 29071 7567 1009
27287 7796 27621 10025
11907 16689 21096 14510
5900 27540 85 2204
1897 23416 1653 25187
23770 5087 18438 1387
9643 3137 20639 19668
10043 27172 11646 684
29037 957 19269 2405
8318 21494 18357 6326
23785 432 4281 1136
4743 10283 29862 7092
8955 29187 1985 27059
5965 7517 770 15686
5333 25411 23 15087
6491 18540 13996 10816
17020 22288 7914 7755
9295 11002 7485 601
29513 991 7003 24287
1374 20974 12930 27309
28265 28840 19200 15465
15310 1010 21753 12348
4958 11113 2357 21963
14715 2757 2648 1337
17020 4001 11654 9098
29523 19370 5126 3451
5484 7381 29782 593
16857 4614 21408 7456
26541 23823 24379 19821
4517 4550 2629 12005
12046 23386 1936 2383
25570 7143 9994 3263
9269 10823 34 7692
7887 8748 1943 18309
15131 1339 4531 8672
11840 21915 12424 18803
27533 16607 18298 13223
29722 21760 717 889
18860 28095 19360 25954
2266 27497 16203 27050
28270 12971 5060 14008
19470 24232 1912 8669
12316 22857 23929 8051
17626 19924 21955 27152
10962 10689 1427 10751
21109 8137 26650 12528
6402 24895 28318 7662
11433 419 14753 2146
1729 14453 22903 14966
13399 23 22322 29165
5175 1254 13744 241
5104 28634 984 23901
10820 10588 25632 3933
12285 2120 11602 24354
9942 14467 2193 2778
26520 13758 12439 6367
1620 20300 13888 6702
9457 7728 28236 28956
23350 8571 27744 28740
15818 29909 12111 26052
17066 21849 25240 26281
9211 26790 22832 28327
20721 1282 9601 10254
26095 8930 29362 28665
28656 3800 809 27336
2549 21901 798 15569
19679 6175 18322 15187
896 23020 177 10667
8397 18271 18739 22219
22967 24330 12601 12007
18715 12533 17782 5489
26614 10294 636 6984
12284 4802 3385 25901
14395 23427 21697 22134
1276 10923 334 21510
3818 24647 21636 13180
17782 7447 24314 10923
4217 19869 12023 21323
5403 27508 23673 5869
16885 26851 5756 5941
26226 1410 5496 26179
22907 13372 5932 9074
29523 10694 18330 20549
24255 3343 15187 29086
1387 760 24308 20785
7049 23174 2753 29497
3771 15446 21137 5225
23603 19472 6458 17446
4632 27215 20719 28403
44 10208 1815 27949
23469 27161 15488 27128
23161 10604 1139 13945
2421 2316 762 23878
25134 28654 1455 2586
25537 14916 967 6606
13049 1974 10559 26244
1464 2370 26789 9254
23960 17046 8202 24847
21969 17483 215 2519
2142 17029 2046 14453
20059 22776 19874 1488
24498 15357 21946 551
5622 2741 16418 22274
22159 27277 6418 9912
26648 818 1138 20162
14085 21639 4494 4224
19849 5381 2311 4442
695 10627 4843 4602
9447 13830 310 9656
9051 12506 14745 2342
1522 11234 19370 8174
27453 18476 28475 4392
13313 1992 5359 23472
26044 29147 16170 28904
667 15599 21273 18138
667 29581 1475 16752
12767 18190 2126 15335
20594 1198 11988 18049
15629 24802 24167 27770
10571 3308 26179 5694
14394 19116 16275 23513
22277 29369 16487 23471
2256 8368 26292 26989
10724 1180 21660 10559
28172 16823 25072 27460
7742 12704 26356 23359
22910 17806 9314 22671
23808 29684 27825 2657
6029 901 29334 1060
3111 29513 24780 3645
18416 10481 7953 26364
28488 22888 26737 4047
9782 24490 5830 1414
22537 169 18304 11255
8767 1166 15778 9235
26277 1853 9485 9720
18624 28156 6913 11640
6764 21429 8161 10746
1683 16985 22070 20848
12864 29576 13047 8073
1524 24207 776 21799
23833 21377 27136 3091
15638 19593 15919 13040
14978 27006 26080 1389
5788 18872 6619 21695
11034 14370 12590 13391
13328 23953 23085 24239
28948 27988 25784 26323
24992 13 444 2430
8376 4287 7164 13050
9164 20519 11794 3340
24799 16976 14768 10535
8169 23138 17452 6880
1610 2234 1804 5794
21665 28480 27902 26787
15884 12277 25147 22550
8816 2508 25068 19107
10796 14267 24317 15380
9257 17937 2386 24145
212 21002 24328 94
22383 26529 25341 17603
23764 29093 7314 7772
5436 28687 17583 27954
16240 26771 17416 18875
23133 17781 26271 28541
5309 5790 26762 9929
24564 26863 16375 373
10808 10197 18541 13066
1013 15646 13141 15184
13424 25355 25016 1974
426 23718 2890 3654
12167 2133 22184 248
1279 176 18142 29430
4021 16272 8748 22145
19703 568 13834 18930
16837 5849 7273 3587
16453 10880 26172 2927
1637 4371 20279 18342
1155 13740 24278 4550
23706 17508 6818 1687
18094 3364 11696 29685
24154 2232 10602 4772
13560 13349 17297 28703
5361 13885 13699 5857
1525 880 8378 26120
16269 29669 7318 726
12574 2714 20828 24986
10481 5608 17534 23807
22690 16506 14877 13667
22518 3135 20428 1690
13760 26062 13463 9492
4101 24874 8772 16908
558 8086 1704 8195
8606 18346 13661 27501
12213 17319 26851 2986
2772 14856 15557 55
7378 29785 2557 7718
26575 10316 6874 16843
16663 22282 18721 18617
13128 14023 9522 26605
19384 23193 1181 12872
22289 3210 14613 25411
20798 3564 8051 16862
3211 12780 8190 12249
21511 1642 1001 14631
3373 2520 17437 14240
7364 22145 13625 24310
4868 6717 13527 17642
25338 5154 15378 14783
10542 1708 1557 1263
17794 28480 25364 23070
19549 17085 16049 6732
4873 22613 17240 13646
23386 363 14620 16255
25233 14044 8422 4019
22399 12979 1675 1084
1726 12248 5949 545
12 15929 885 23003
4169 1820 5583 20050
1892 115 7526 20984
17056 20417 11394 25988
1133 14636 7007 5329
68 20163 10289 9944
15619 27474 22628 2524
10586 5476 2552 20452
11397 2600 3373 20334
2395 19895 3499 15458
25462 6085 29862 19781
8084 22102 8816 16559
9021 13539 16495 22271
14246 941 23328 5197
5078 29505 23900 24224
20999 12397 20699 19553
21583 23090 2038 14096
23679 42 5297 26166
23372 14924 12536 26267
15020 22973 1785 25016
10115 7145 12755 2415
7807 5075 15806 27642
16448 15785 20779 17442
12477 28828 23900 6577
1507 8943 5975 17961
2431 13389 26856 12726
21085 12895 29413 23650
897 19358 1205 1928
27063 25702 11539 5003
7831 588 18448 26055
14987 434 11863 27336
21571 18841 27061 2234
28297 29110 4825 5665
25633 3783 15448 10443
19187 6439 3828 20738
4716 8608 1517 5382
24865 18561 9144 16570
133 10993 26144 23965
3837 14979 9066 26364
8035 13067 12014 3686
20360 8879 1538 9313
5166 14401 13577 1067
23380 19404 3501 19171
5282 21868 4712 4377
6408 18019 15177 16483
13731 826 709 21346
24032 10053 4844 12581
18659 10394 23053 17308
2298 22019 12381 21071
5485 23906 27908 31
11721 27509 11160 13421
24606 25770 29086 9899
12470 8244 19790 9712
17447 22878 20887 27392
23418 19231 4963 9642
23436 10735 3100 25924
25525 28634 1391 25940
14248 11987 29264 4752
154 23882 22846 23561
10663 20737 13256 9379
23409 23579 26448 26824
23306 16502 15119 27741
20500 27962 28505 1269
13862 15026 23074 21573
2114 6235 11458 1753
7845 24891 18165 27397
9743 19060 15142 29725
1236 8217 26605 2232
24706 17472 19158 25683
2067 9305 28772 17251
6133 6334 9557 29549
2937 25227 19752 5513
23721 15279 477 17476
16941 11587 24828 15509
1136 8219 10712 4883
11774 23451 4373 18788
6961 26316 28008 22521
11532 2687 8606 2760
9063 7378 26592 1098
25164 11552 25141 20983
9890 2557 5192 3838
28168 20371 10860 26922
5636 3942 12765 13137
301 4399 9800 16894
1429 5607 862 26402
2699 20770 29382 22022
384 3230 7553 900
5481 10780 2641 22135
5284 574 10124 15472
16894 2258 333 379
26900 3454 5052 13121
22505 21116 4751 18078
648 26552 18897 6454
2538 7000 1714 7540
10777 16203 24768 25075
21398 27941 10884 5105
29688 15402 13104 1537
12759 7592 14247 3839
8168 21387 17405 21833
11113 13611 13553 23084
18880 13928 29368 22941
10591 25849 18685 21034
27114 20481 37 18736
8092 3555 7127 8013
9703 21592 25276 2328
1370 22207 4995 16
28872 24244 27433 16339
7591 21219 24695 9105
1670 8222 14540 655
4067 14510 23068 5136
315 7655 2313 20897
20547 10240 11089 12659
8119 33 5560 18207
22609 188 20200 15301
9724 28705 26055 2070
12137 18765 23592 28083
22450 1795 5523 9989
17213 9503 9033 9998
9188 19494 4483 639
4178 23329 6651 10060
27312 17324 24493 9597
6786 27722 6111 22534
7627 3323 17503 1754
13688 14865 25356 10107
12539 4415 13975 2469
7479 15603 3211 29452
23196 16869 9355 7106
24211 19184 7387 446
9244 26402 2083 28058
4021 28175 4207 3771
19071 2362 19321 3719
22684 19158 9259 25553
28379 10489 2096 1384
19351 5842 29163 1010
5852 10829 21978 579
3532 7957 23804 26034
2065 378 2720 19678
20404 24243 20128 15820
12894 20885 29598 27429
5532 9540 17038 22942
3224 1834 2628 1159
20518 19814 9071 2472
26860 29830 711 21400
17606 824 563 7185
15209 17005 5806 21681
17990 6879 23674 26402
28593 22437 26965 11340
15682 468 21820 25544
6523 2137 1629 16280
172 2596 25889 22550
29972 21431 4458 7211
2329 9984 2026 4545
14298 24210 4052 1355
13106 827 14342 12451
12479 9665 3367 20580
29780 29118 26429 313
14540 25262 4003 29605
1777 20295 28425 26405
29596 16137 23740 19555
2333 15893 29480 22444
24540 9026 3483 6052
10817 1854 21323 25656
14290 5394 29595 14805
13211 19225 618 21719
8659 9715 19660 8517
24764 25573 27950 21179
12491 29091 18548 14503
2057 32 21141 8888
13497 11429 23433 27028
4923 28449 5201 28618
23344 17088 25913 12039
18399 15550 1066 9612
8152 1406 9058 14303
24534 26582 2664 23233
3306 27309 490 6497
29142 10441 2153 19407
19383 23266 1016 4531
10728 18427 21793 25919
1314 4082 24201 23138
20968 1109 21381 24127
4642 887 11501 2781
10760 2499 14927 25376
1809 27985 16183 2808
4428 647 125 20440
20000 21026 6656 5482
2271 629 25538 1361
13296 8656 4116 19023
18045 25477 24868 3544
27642 26119 14067 20902
14616 1828 9564 29630
1816 181 11090 3540
1331 12435 28521 20411
1034 1372 9623 24095
29562 29382 572 2422
1202 24963 24161 28980
28264 8182 28989 26430
13480 14166 17150 10146
23246 256 15558 14469
18871 28673 1219 1629
16467 6916 16035 4192
7758 73 14199 14651
16879 12807 26264 4104
2064 1795 25080 9594
26223 849 18139 16731
1908 17803 1685 3129
12532 12800 28821 348
29797 19038 7586 15611
2420 691 8293 1407
8867 21376 7976 22567
7 12816 15069 12318
801 25351 26466 8586
8027 23358 6403 5910
5029 8910 27457 25299
12624 28267 9425 16938
19308 25332 15592 24086
1581 14151 17846 7056
2643 10330 24624 20554
27930 29576 7443 12191
14686 19240 28454 970
24051 1076 4799 1879
7301 9545 3720 29400
9644 28186 12675 4825
10002 20714 12876 1254
1239 3177 21407 9195
16948 463 12825 6923
23903 1511 8003 837
8879 11710 11724 20132
15105 13164 21270 21766
1066 26401 16885 26544
11214 644 25267 12112
29600 28520 3159 1379
26794 22977 25382 26792
3071 1638 107 5588
19920 20838 18292 6279
10892 18416 3037 26751
9035 25341 27921 26380
5485 18049 2829 20675
13694 21986 823 583
12637 23960 3471 22629
15774 1478 342 25263
4652 13895 27308 524
6707 797 4014 16829
23357 6886 9696 7107
22427 26048 26550 18511
28678 25999 9050 8570
2182 22348 9897 28470
29843 2416 11390 12164
28282 20401 12084 12008
7683 27452 17510 1306
29265 8420 26105 18943
21257 27593 19549 5847
27831 7517 15887 10168
7277 10867 819 12603
16045 20121 5504 15989
25992 1144 5036 11049
14856 15257 25034 3643
3276 8858 5408 10344
23026 16225 11358 11061
17466 17345 988 27685
19303 28539 24356 22575
16873 16214 11184 15215
17850 4722 24821 12572
16518 14809 8608 20410
13070 9815 543 26001
20430 10380 6243 22877
10461 527 14564 839
29974 28661 1254 4628
12405 17858 11771 20637
7107 4704 4810 24447
24438 2126 6414 14099
21971 28250 26850 1441
16469 1634 27963 15824
27730 3384 15798 26977
2780 25892 21908 5149
16358 398 15362 25356
11431 3548 414 11240
1044 21944 14136 8401
8617 28262 16853 25666
2487 2644 12282 6468
7333 10995 29735 17378
1648 9414 10401 3548
2693 10681 16500 17312
4849 19891 18873 7541
9415 14702 9493 10490
15793 2647 22146 26319
234 18385 21330 28818
21628 17647 29041 15117
22214 10274 23530 18605
11008 1887 12460 24630
23345 27045 11151 7094
28801 28045 658 25528
20891 15907 22374 10937
24661 18932 25137 1968
6803 28776 14732 14313
17000 6482 23501 2611
20863 27334 23948 16667
15290 4395 24928 24024
17688 19856 15594 19016
28380 15940 28437 15419
16364 5536 19355 14351
27767 13096 2716 4715
8410 21203 21643 14897
29637 18086 20889 24237
17305 28295 9750 17939
789 25169 1300 26664
14642 548 3727 8511
14411 24831 19402 4455
20609 15760 10428 1715
350 2074 2267 15066
28345 23993 807 6992
7385 20498 26970 13653
14301 13071 22159 5244
27226 24313 28385 17551
1863 14342 11909 5761
2838 15078 2362 12708
14372 14233 2511 17692
21075 11907 2790 28052
15861 962 27897 9008
1517 1935 28058 17346
3344 15363 1023 3392
28370 12109 26301 7286
21278 9185 7892 17400
14725 29986 19436 20315
2667 2403 2222 1700
9886 4347 18294 1537
7257 15255 28280 15799
2888 22485 23776 11868
205 4366 14190 13638
8642 16242 15714 2067
5248 2347 21893 26506
10720 1963 27752 242
943 15511 2032 22370
22919 13017 13330 17289
27564 2736 11484 1439
7476 12411 27061 2139
1083 15830 28133 13686
10357 16275 600 22624
5941 1052 15518 25377
22126 824 519 16595
29992 24285 7950 29246
23126 26182 1299 18836
25013 20292 19501 3679
16375 6617 1392 7607
29217 20995 6251 23224
15410 9174 1013 819
1493 157 12842 15524
19832 2098 11488 28004
22734 476 11839 13856
11346 16745 608 8074
2109 11372 25716 20558
3034 27416 10793 24392
3816 24894 7177 5620
10816 9315 6483 14118
13240 6166 2094 7675
12614 9345 491 18703
1897 15165 5259 9712
26308 7787 15745 12499
15628 7680 441 15494
11557 16224 18136 374
21128 815 20934 1762
21480 15715 3690 4511
2325 13214 1204 21774
14368 140 7905 1291
11712 9383 9466 26774
13556 7027 4510 19671
12778 11943 9218 29422
25632 168 21302 1801
5065 21373 1706 17914
11890 12030 14320 5128
5861 5390 25027 21445
11342 12859 24649 2895
19612 23491 9877 18683
22058 6826 28016 9983
27807 27913 16217 14190
1299 12713 1482 27754
2115 29136 1677 20629
17190 2091 10607 9160
19696 3341 19812 12296
27671 24359 22187 27317
14533 569 21603 13829
7598 16951 2382 22193
18162 27599 15301 29166
789 23034 18716 10143
3661 466 26120 7369
12107 28835 10862 2631
28414 28740 27038 9151
27077 17832 18063 27348
6915 15792 23916 17053
29383 1811 9808 22358
28333 16801 31 11862
14847 6644 15285 29249
6432 11049 28306 20351
9259 5373 13942 29933
5335 5979 19577 3282
11166 29413 10366 16916
28702 14289 25785 9644
20671 454 1343 2135
26006 2342 15357 7310
23177 24767 12316 29881
17588 6525 12899 12704
26380 14994 2014 29986
10818 24313 2765 27945
19435 14343 10496 2781
2269 7747 337 14872
18140 9335 17506 11546
374 24839 21465 4223
2299 24962 11481 15214
3025 1863 17028 12306
20791 90 25022 78
28425 10182 563 27308
963 10805 10395 17303
2569 8878 15933 2459
823 15087 433 27913
27668 27628 29931 527
23853 4966 27765 14023
15679 1982 9212 23487
20468 7692 1758 28633
450 22124 17698 20292
29952 8856 15321 20138
27754 1420 6787 5803
7335 13445 25573 21387
9018 20603 19258 3367
17366 12690 23927 15150
1685 29435 20435 27021
25739 20544 6023 299
10694 21392 11986 2263
5720 15960 11073 29311
1944 24595 2349 18594
2486 20322 20613 20487
894 14687 414 29104
4719 15150 8807 266
15917 1190 13074 12902
9283 27727 13232 21932
17228 3037 6476 10574
18244 24220 29531 22908
23531 4187 28994 2663
2362 3501 24857 13799
4665 21822 2991 5008
15680 29540 4558 9410
20285 23542 11968 13105
14437 5729 1041 29381
21326 28664 21143 26258
1548 10380 17584 4618
2411 19773 11723 19057
3709 13711 25386 15506
27043 22209 4582 1409
19601 24922 13875 9920
19902 23812 6117 3286
24121 13981 28723 16860
15762 29836 7355 6794
25848 1361 967 3730
11679 23648 3535 23578
13925 20784 22591 2624
19636 29839 1401 21241
23722 20536 19998 27499
11383 17575 14218 1084
26375 1020 5021 4187
14818 4671 11713 17181
2640 8723 18728 9594
1472 1902 21590 2937
4458 11959 176 2233
23860 26961 22131 27730
7634 20263 19479 15147
12850 24200 19125 589
14359 20022 15831 4008
21508 17849 12208 565
12379 28665 24924 4395
662 7180 14441 21366
20182 24653 9621 7013
4330 29614 26841 15011
21587 12623 22183 17000
1157 1311 625 5104
19120 27106 29290 21805
27584 4003 16528 7609
9570 9260 19690 28686
18553 27620 25870 21241
12783 15385 1255 8012
12703 22095 5301 21972
22643 3543 18517 4490
29129 27555 963 27149
11292 17496 26845 23120
13536 29861 29290 2656
19373 14292 16474 17546
4256 19614 1055 19690
4607 23620 25949 13574
23835 22491 9742 1180
5755 16359 12202 7417
23862 2604 26549 22925
2161 6593 3256 1867
14122 2102 19269 13732
6532 26647 9269 29958
15621 6114 2100 10289
23116 7925 19584 27643
1318 17147 23789 1653
3763 26281 20269 15646
21188 12691 15182 23382
29832 27205 2132 2021
20072 13967 17705 29148
6447 13856 5378 19436
3694 11094 6340 28599
2591 9813 29654 14228
28552 26199 27993 2694
21858 25923 7526 11871
15675 16768 2662 3153
23065 1243 3784 390
10848 12487 19998 2592
26869 26389 25417 627
6564 26789 9735 21090
13503 22668 18665 28471
13832 5270 2602 3447
4817 25309 17629 4389
23394 7578 10646 11622
2971 20796 18444 4917
20187 183 18477 808
15136 1055 5011 2707
18287 13685 7941 8987
374 24513 27969 20045
18032 9312 12024 1648
841 19104 9243 27097
16386 11658 8789 9086
1320 15359 25817 8076
5024 16135 2397 23148
22006 23141 24166 1524
21654 1599 26311 22731
11146 10780 13924 29759
25222 28767 3132 14874
480 19379 19879 8417
20963 23799 18139 591
11158 19069 21685 706
9337 2142 23479 29253
5056 1504 12365 9150
20963 10298 21588 3672
580 27078 11740 25715
8211 22328 6957 23755
21102 22847 2057 679
19405 7050 26673 22099
14494 20701 15147 20943
300 2100 2065 9673
25285 15175 10701 17097
9244 11646 12980 684
26860 5351 4401 1619
26846 15254 21460 7068
3501 10860 19914 16273
15496 23787 19294 4320
20152 26440 28608 18060
2130 17090 8197 2481
17743 13363 8048 1405
1034 229 16624 6317
22218 26022 20969 9542
1409 1055 8759 21109
13588 14945 19825 27657
1755 6337 10602 7184
12075 27110 2254 21391
16707 288 27147 11126
20900 17147 6589 20946
2373 7189 12815 22341
22309 23084 5518 28851
26450 7035 26208 319
26858 18503 27014 118
24976 19125 12126 4297
12097 942 9580 23105
18487 25893 41 2110
12813 2249 21820 12961
29733 1926 11545 26971
2375 13473 13735 1748
5258 28755 29783 19424
23928 22341 14481 22848
22381 29294 2321 11253
14400 809 22930 8202
25125 8058 20473 27315
9426 27330 17014 27520
6625 9329 19735 7638
8310 1532 16317 16032
15393 31 5154 1298
23302 11908 1307 14030
18235 5013 11035 20091
18289 4222 16889 20051
13015 25799 1731 3371
1803 4624 1522 11992
834 6382 8464 26528
25595 709 39 5103
27615 8470 459 795
15835 22828 19883 15754
25537 13777 16117 2067
28188 11638 14888 29314
12819 28083 28493 8896
7824 27611 776 4882
27809 25556 11276 23968
12062 14629 19453 15193
1420 28241 27994 21989
273 9828 17610 171
13257 25803 14038 24885
20873 2616 20903 2257
11170 438 5137 3417
1560 10570 9681 4756
10036 4811 25875 15038
28966 4324 27960 22598
16111 23463 1445 18167
2174 10580 20735 19497
4633 12330 966 18233
11007 1357 19455 17974
16204 16649 18503 21213
16668 16262 20292 3016
11507 14205 14126 24034
11613 5465 13966 29214
8657 27585 16966 9065
3291 14629 3282 4317
11643 11159 2765 8247
18376 22237 8375 1163
24792 4292 24053 7478
29156 26551 26905 16661
22184 26511 356 18932
1497 8365 14729 29769
3066 9542 20404 26403
12192 28927 18123 813
2228 28346 9460 279
2346 4271 1575 22118
22544 11966 6949 14923
20152 7939 7129 22754
20761 15532 5822 9692
1395 20743 15281 11823
12082 4831 9000 12812
12565 12297 371 6930
1375 5434 8002 8897
25710 26652 15208 15665
16570 26528 14814 7172
8672 9877 17419 23961
7439 21626 15938 15490
3043 2192 13965 21305
4417 17204 12457 18446
25986 6508 29521 52
11731 16064 15040 25117
25307 24907 29809 7763
2719 3089 26665 22601
18851 915 29239 15777
3922 20641 13050 1951
24992 28016 22437 1437
3054 18668 24639 4368
13614 5199 1774 26556
8519 3827 11380 16404
8635 17508 28154 17204
1111 28858 18445 10498
14411 2550 27366 19298
20650 22218 9198 1145
28148 27086 129 8277
19714 15024 3570 6395
7266 19419 23248 13952
10165 11644 7528 24972
21076 7569 9099 22844
9530 28226 28562 27671
29726 9845 9886 15684
24031 4253 13349 27130
11301 11218 18090 9015
22086 13095 2507 4021
11110 12088 16769 2586
26595 17922 10916 3950
14832 15608 17581 29139
1103 24915 26816 9072
5989 19113 20970 11695
1976 11201 1399 10408
11132 9638 29607 18141
2127 20730 6097 18727
1666 29069 16777 28400
23705 2094 25902 13987
12757 14017 13543 609
13855 10898 12704 29942
20583 233 19791 6923
29439 23007 636 13468
3905 3439 1280 12973
27768 14032 28685 15673
26110 2562 5486 21868
21665 10152 21008 26642
10059 25365 3010 25678
28387 11945 15417 10895
24942 8798 11607 26560
6266 20638 19117 12479
3772 23896 11326 29201
8440 2898 16005 2004
5665 13249 11194 4596
29378 23575 27218 22690
7068 24092 5317 21762
2960 22080 28307 12836
8384 19503 14985 23094
17650 18855 17984 25592
5 21382 20200 29808
27846 1016 9027 26846
516 28143 9972 23794
11715 24867 6906 24893
9230 2045 20344 182
18417 3582 8887 7582
886 24453 29037 7381
6446 673 23616 14638
8691 29220 1670 3377
123 12025 12879 17473
2127 1671 23973 21197
20589 325 17682 2458
27115 1249 28515 19552
13261 18060 9900 8931
26472 392 652 15878
2552 15669 26546 16203
2111 2600 8352 29630
13679 24429 29615 8675
12618 25663 23124 29677
1112 24501 15777 21040
10873 15599 23567 16857
13035 29841 15482 7133
2590 7007 21101 12335
24598 16139 14240 10550
12129 1354 7871 17278
1194 16685 25453 11694
11997 29359 23433 9402
7132 25739 19888 8281
14081 23632 12547 9146
2020 4278 6698 1650
26272 23091 1129 18874
14417 20938 3857 19927
12961 21028 13930 1705
