801 391
1 2
2 3
3 4
4 5
5 6
6 7
7 8
8 9
9 10
10 11
11 12
12 13
13 14
14 15
15 16
16 17
17 18
18 19
19 20
20 21
21 22
22 23
23 24
24 25
25 26
26 27
27 28
28 29
29 30
30 31
31 32
32 33
33 34
34 35
35 36
36 37
37 38
38 39
39 40
40 41
41 42
42 43
43 44
44 45
45 46
46 47
47 48
48 49
49 50
50 51
51 52
52 53
53 54
54 55
55 56
56 57
57 58
58 59
59 60
60 61
61 62
62 63
63 64
64 65
65 66
66 67
67 68
68 69
69 70
70 71
71 72
72 73
73 74
74 75
75 76
76 77
77 78
78 79
79 80
80 81
81 82
82 83
83 84
84 85
85 86
86 87
87 88
88 89
89 90
90 91
91 92
92 93
93 94
94 95
95 96
96 97
97 98
98 99
99 100
100 101
101 102
102 103
103 104
104 105
105 106
106 107
107 108
108 109
109 110
110 111
111 112
112 113
113 114
114 115
115 116
116 117
117 118
118 119
119 120
120 121
121 122
122 123
123 124
124 125
125 126
126 127
127 128
128 129
129 130
130 131
131 132
132 133
133 134
134 135
135 136
136 137
137 138
138 139
139 140
140 141
141 142
142 143
143 144
144 145
145 146
146 147
147 148
148 149
149 150
150 151
151 152
152 153
153 154
154 155
155 156
156 157
157 158
158 159
159 160
160 161
161 162
162 163
163 164
164 165
165 166
166 167
167 168
168 169
169 170
170 171
171 172
172 173
173 174
174 175
175 176
176 177
177 178
178 179
179 180
180 181
181 182
182 183
183 184
184 185
185 186
186 187
187 188
188 189
189 190
190 191
191 192
192 193
193 194
194 195
195 196
196 197
197 198
198 199
199 200
200 201
201 202
202 203
203 204
204 205
205 206
206 207
207 208
208 209
209 210
210 211
211 212
212 213
213 214
214 215
215 216
216 217
217 218
218 219
219 220
220 221
221 222
222 223
223 224
224 225
225 226
226 227
227 228
228 229
229 230
230 231
231 232
232 233
233 234
234 235
235 236
236 237
237 238
238 239
239 240
240 241
241 242
242 243
243 244
244 245
245 246
246 247
247 248
248 249
249 250
250 251
251 252
252 253
253 254
254 255
255 256
256 257
257 258
258 259
259 260
260 261
261 262
262 263
263 264
264 265
265 266
266 267
267 268
268 269
269 270
270 271
271 272
272 273
273 274
274 275
275 276
276 277
277 278
278 279
279 280
280 281
281 282
282 283
283 284
284 285
285 286
286 287
287 288
288 289
289 290
290 291
291 292
292 293
293 294
294 295
295 296
296 297
297 298
298 299
299 300
300 301
301 302
302 303
303 304
304 305
305 306
306 307
307 308
308 309
309 310
310 311
311 312
312 313
313 314
314 315
315 316
316 317
317 318
318 319
319 320
320 321
321 322
322 323
323 324
324 325
325 326
326 327
327 328
328 329
329 330
330 331
331 332
332 333
333 334
334 335
335 336
336 337
337 338
338 339
339 340
340 341
341 342
342 343
343 344
344 345
345 346
346 347
347 348
348 349
349 350
350 351
351 352
352 353
353 354
354 355
355 356
356 357
357 358
358 359
359 360
360 361
361 362
362 363
363 364
364 365
365 366
366 367
367 368
368 369
369 370
370 371
371 372
372 373
373 374
374 375
375 376
376 377
377 378
378 379
379 380
380 381
381 382
382 383
383 384
384 385
385 386
386 387
387 388
388 389
389 390
390 391
254 392
149 393
389 394
208 395
114 396
296 397
370 398
16 399
136 400
201 401
339 402
260 403
20 404
213 405
128 406
18 407
162 408
100 409
102 410
218 411
175 412
60 413
306 414
254 415
135 416
256 417
316 418
56 419
214 420
254 421
340 422
87 423
233 424
213 425
153 426
347 427
168 428
285 429
23 430
281 431
103 432
283 433
137 434
139 435
353 436
79 437
177 438
332 439
89 440
285 441
384 442
44 443
344 444
250 445
90 446
56 447
137 448
156 449
269 450
340 451
243 452
240 453
58 454
361 455
232 456
219 457
244 458
68 459
110 460
122 461
119 462
289 463
67 464
295 465
2 466
181 467
357 468
203 469
150 470
327 471
77 472
119 473
115 474
42 475
367 476
375 477
79 478
147 479
82 480
57 481
22 482
246 483
354 484
19 485
34 486
253 487
291 488
102 489
280 490
263 491
53 492
233 493
215 494
87 495
9 496
187 497
289 498
158 499
234 500
352 501
103 502
58 503
193 504
165 505
57 506
13 507
48 508
384 509
99 510
247 511
16 512
271 513
182 514
358 515
327 516
167 517
1 518
298 519
262 520
58 521
61 522
23 523
35 524
320 525
331 526
312 527
39 528
167 529
366 530
307 531
36 532
114 533
236 534
314 535
77 536
162 537
224 538
379 539
369 540
120 541
276 542
185 543
263 544
271 545
50 546
176 547
95 548
224 549
77 550
372 551
355 552
211 553
40 554
164 555
186 556
139 557
156 558
152 559
155 560
375 561
252 562
158 563
56 564
152 565
30 566
126 567
39 568
165 569
258 570
384 571
366 572
351 573
101 574
146 575
28 576
244 577
49 578
357 579
389 580
250 581
50 582
64 583
48 584
86 585
149 586
241 587
322 588
209 589
309 590
157 591
243 592
348 593
230 594
98 595
363 596
87 597
210 598
202 599
51 600
328 601
65 602
132 603
332 604
251 605
71 606
348 607
196 608
89 609
244 610
235 611
301 612
134 613
167 614
184 615
111 616
158 617
190 618
122 619
199 620
8 621
141 622
291 623
319 624
185 625
59 626
121 627
249 628
303 629
309 630
268 631
280 632
201 633
51 634
40 635
257 636
384 637
273 638
27 639
215 640
343 641
89 642
76 643
264 644
50 645
272 646
164 647
116 648
215 649
74 650
143 651
118 652
244 653
326 654
7 655
123 656
79 657
76 658
222 659
264 660
219 661
11 662
10 663
6 664
48 665
251 666
285 667
58 668
350 669
162 670
261 671
53 672
74 673
96 674
144 675
322 676
389 677
352 678
19 679
66 680
63 681
125 682
248 683
78 684
115 685
348 686
279 687
3 688
90 689
170 690
155 691
109 692
331 693
1 694
172 695
120 696
75 697
342 698
21 699
284 700
360 701
349 702
282 703
111 704
169 705
166 706
314 707
217 708
263 709
306 710
38 711
169 712
157 713
146 714
138 715
246 716
212 717
154 718
163 719
260 720
207 721
27 722
64 723
112 724
19 725
246 726
274 727
148 728
40 729
102 730
131 731
87 732
201 733
344 734
221 735
135 736
122 737
233 738
217 739
86 740
253 741
328 742
159 743
371 744
175 745
365 746
297 747
84 748
314 749
139 750
318 751
236 752
287 753
299 754
168 755
67 756
358 757
314 758
39 759
289 760
337 761
121 762
233 763
187 764
195 765
344 766
166 767
227 768
380 769
180 770
268 771
158 772
212 773
372 774
38 775
343 776
292 777
247 778
113 779
243 780
26 781
382 782
266 783
97 784
278 785
20 786
294 787
5 788
55 789
148 790
157 791
165 792
51 793
154 794
338 795
220 796
91 797
67 798
321 799
148 800
319 801
796 655 518 153 111437 658 28 269 416 519 664 151 223 453 305 147 403 44 56 93 230 286 377 569 487 623 112 654 666 125 288 418 461 475 543 282 564 673 240 419 293 273 385 542 278 284 558 581 612 652 670 136 570 159 241 387 180 183 439 67 229 348 449 451 471 237 206 520 99 511 601 610 689 694 208 291 350 36 102 335 541 595 447 197 124 448 566 299 331 119 96 266 82 395 25 430 479 524 493 495 525 261 547 68 413 576 630 636 646 671 675 681 686 704 720 735 77 736 104 320 534 588 72 285 201 31 256 369 60 236 135 194 39 186 316 522 61 107 440 476 317 517 457 64 557 578 295 584 609 234 9 252 328 365 565 622 627 2 516 545 122 188 169 420 364 163 17 356 482 222 275 219 510 113 615 472 625 638 181 290 41 55 513 582 624 663 271 289 667 367 632 679 374 325 680 481 691 103 572 693 292 721 23 729 628 737 741 648 712 313 745 747 748 763 91 312 279 526 152 114 349 401 452 467 310 235 250 321 361 533 607 555 619 765 134 29 101 258 485 744 314 126 138 46 161 304 224 154 272 281 343 345 366 458 583 140 589 38 445 546 116 203 270 341 92 330 117 368 657 701 435 20 573 710 728 594 758 18 58 761 767 243 608 659 760 618 167 176 329 336 678 76 500 521 650 477 687 713 110 227 178 637 682 757 506 739 338 166 66 32 54 297 315 253 363 404 483 640 490 684 260 267 432 629 766 431 501 772 115 263 294 26 35 120 459 498 531 301 156 773 389 199 405 551 554 616 774 775 778 553 780 473 539 83 707 205 762 695 788 1 454 592 685 204 442 651 734 786 388 790 192 51 248 53 86 5 94 130 137 144 375 200 455 465 649 577 665 706 738 47 221 226 407 505 791 464 793 549 105 344 89 492 507 563 238 399 599 74 216 428 504 40 85 141 202 466 480 170 342 470 339 11 185 318 371 34 218 174 378 433 446 244 450 527 528 142 425 340 362 127 131 187 302 111 397 45 489 548 571 585 19 634 642 171 358 698 719 749 562 384 128 402 731 697 752 78 322 334 755 620 337 173 756 676 158 523 357 614 391 730 768 443 468 751 214 444 494 212 560 164 360 488 567 711 769 456 781 311 123 783 37 794 239 184 544 604 168 579 639 109 641 702 715 412 274 383 6 12 346 370 550 574 580 133 379 597 196 700 319 643 207 59 460 149 699 703 259 617 21 332 324 530 725 307 742 750 303 98 22 242 247 308 95 535 300 30 48 49 323 347 354 422 512 70 434 220 257 536 537 515 497 172 162 193 195 411 249 287 57 108 75 540 121 559 421 590 602 532 644 653 688 145 705 179 255 469 333 393 97 7 33 376 386 4 283 160 280 373 352 43 213 265 390 408 417 561 587 662 690 478 716 724 743 392 759 776 784 785 795 626 84 231 326 718 797 14 771 382 727 798 277 309 276 753 426 656 251 764 42 10 714 177 799 427 87 189 499 514 496 733 233 80 3 8 372 16 165 424 462 502 423 503 552 191 645 777 787 647 789 800 264 717 79 672 62 722 605 209 415 603 661 429 683 723 726 441 538 611 211 674 696 801 148 182 210 355 380 100 106 118 190 225 409 13 52 146 268 73 438 474 484 24 262 157 296 63 327 217 245 351 556 491 436 353 575 396 406 591 359 132 593 15 71 88 215 90 232 414 486 568 228 598 606 621 198 631 155 400 635 660 668 381 50 143 139 394 175 586 27 669 708 246 410 65 596 709 692 740 746 129 81 633 754 509 69 298 677 398 770 150 463 254 613 600 779 529 782 306 508 732 792

